60 100
0 41
0 43
0 52
0 55
1 43
1 53
1 57
2 54
2 57
3 42
3 51
3 52
4 45
4 46
4 47
4 55
4 56
4 57
5 41
5 56
6 41
6 43
6 45
6 58
7 40
8 41
8 55
8 59
9 51
10 53
10 55
10 56
10 57
11 58
12 42
12 59
13 41
13 49
13 50
14 47
14 56
15 49
15 51
16 45
16 46
17 47
17 55
17 58
18 43
18 51
19 41
19 42
19 43
19 52
19 59
20 44
20 45
20 50
21 40
22 45
22 50
23 51
23 58
24 42
26 43
26 46
28 59
30 57
31 41
31 52
31 55
31 56
32 51
32 56
33 40
33 42
33 50
33 56
33 59
34 41
34 43
35 48
35 50
35 52
35 58
36 40
36 47
36 54
37 45
37 49
37 51
37 59
38 41
38 43
38 47
39 42
39 45
39 49
39 55
39 56
