400 250
0 245
1 242
1 278
1 365
3 317
3 391
4 278
5 314
6 324
8 261
8 309
10 246
10 272
11 358
11 390
12 274
12 312
12 331
13 322
14 267
15 336
16 247
16 277
16 363
17 240
17 298
18 317
18 327
18 328
19 238
20 223
20 273
20 311
21 333
23 265
24 217
26 340
27 212
27 285
27 314
29 212
30 200
30 254
30 287
30 338
31 280
31 297
31 331
32 289
33 200
33 235
34 219
35 271
36 333
37 215
38 242
39 305
39 368
40 263
41 201
42 348
43 273
43 321
44 363
45 304
47 200
48 235
49 218
49 293
49 374
51 207
52 208
52 274
53 272
53 274
53 299
54 226
56 215
56 311
56 331
56 340
57 238
57 269
57 361
58 307
59 211
59 260
60 286
61 344
62 228
62 322
62 365
63 241
63 316
63 387
64 328
65 343
66 287
66 358
67 201
67 317
69 200
69 212
69 372
71 264
71 386
72 230
73 368
75 210
75 234
75 318
75 319
76 211
76 251
76 268
76 341
77 334
77 353
79 325
81 292
81 321
82 293
82 325
83 200
83 216
83 302
84 246
85 237
85 361
86 326
86 328
86 358
88 367
89 278
89 372
90 350
92 291
92 374
95 328
96 392
98 270
98 278
100 249
101 204
101 233
101 260
101 290
101 397
102 270
103 252
104 355
105 292
106 213
107 392
108 265
108 273
108 314
108 339
108 368
108 385
114 319
115 251
115 324
116 332
118 283
119 255
119 360
121 347
122 247
124 356
125 220
125 241
126 346
127 241
129 210
132 248
132 262
132 351
133 298
133 365
135 295
135 367
135 386
139 220
140 212
140 307
141 215
143 220
143 258
143 334
144 376
145 209
145 385
148 342
148 388
149 250
150 351
151 370
151 393
154 374
155 216
155 304
155 331
155 372
156 365
157 231
157 395
158 387
159 363
160 347
161 391
162 261
164 380
166 241
166 281
166 396
167 275
167 340
169 258
169 292
170 202
170 260
171 261
176 207
176 234
177 243
177 306
178 281
178 296
179 339
179 386
180 297
182 386
183 297
183 326
185 205
185 284
185 335
186 205
187 241
187 317
188 365
190 351
192 252
192 347
196 209
196 229
196 349
197 352
199 381
