100 500
0 29
0 33
0 35
0 36
0 39
0 47
0 55
0 57
0 77
0 96
1 7
1 19
1 31
1 33
1 58
1 60
1 63
1 67
1 83
1 89
1 92
1 97
1 99
2 3
2 16
2 28
2 32
2 34
2 54
2 65
2 67
2 72
2 82
2 97
3 9
3 23
3 44
3 53
3 54
3 58
3 63
3 72
3 85
4 6
4 7
4 20
4 23
4 25
4 26
4 49
4 54
4 56
4 69
4 74
4 97
5 28
5 31
5 62
5 72
5 88
5 93
5 94
6 10
6 24
6 29
6 57
6 62
6 68
6 73
6 95
7 11
7 17
7 23
7 25
7 29
7 34
7 35
7 38
7 52
7 60
7 82
7 88
7 90
7 97
8 17
8 21
8 42
8 43
8 44
8 49
8 92
8 93
8 94
9 15
9 21
9 28
9 41
9 42
9 46
9 50
9 53
9 58
9 61
9 62
9 66
9 69
9 70
9 71
9 85
9 98
10 37
10 52
10 57
10 60
10 61
10 94
11 12
11 30
11 34
11 40
11 44
11 46
11 55
11 72
11 95
11 96
12 37
12 38
12 42
12 50
12 59
12 80
12 85
12 89
12 92
12 98
13 45
13 67
13 74
14 25
14 26
14 30
14 35
14 58
14 67
14 98
15 27
15 44
15 46
15 48
15 54
15 68
15 74
15 84
15 92
16 28
16 38
16 45
16 47
16 48
16 53
16 58
16 69
16 89
16 96
16 97
17 52
17 57
17 59
17 70
17 84
17 88
17 93
18 22
18 28
18 48
18 53
18 65
18 67
19 36
19 49
19 58
19 68
19 78
19 80
19 88
20 24
20 25
20 33
20 38
20 54
20 63
20 69
20 72
20 79
20 90
20 93
21 22
21 73
21 74
21 75
21 76
21 81
21 91
21 96
21 97
22 29
22 57
22 60
22 67
22 68
22 69
22 76
22 99
23 35
23 64
23 65
23 78
24 41
24 47
24 49
24 67
25 37
25 65
25 68
25 83
25 87
25 91
26 38
26 67
26 71
26 77
27 34
27 36
27 39
27 63
27 82
27 87
27 90
28 31
28 35
28 40
28 72
28 80
28 95
28 98
29 30
29 37
29 39
29 51
29 74
29 84
29 89
29 92
30 33
30 34
30 37
30 38
30 39
30 41
30 56
30 58
30 64
30 80
30 82
30 83
30 89
30 94
30 99
31 34
31 35
31 41
31 44
31 60
31 66
31 91
31 94
32 37
32 38
32 45
32 68
32 92
32 95
32 98
33 58
33 61
33 76
33 77
33 96
34 38
34 40
34 60
35 38
35 43
35 66
35 93
35 95
35 97
36 69
36 79
36 85
36 87
36 93
37 50
37 52
37 64
37 65
37 90
37 95
38 74
38 91
38 94
39 54
39 66
39 83
39 87
39 98
39 99
40 42
40 50
40 65
40 66
40 68
40 92
40 97
41 66
42 50
42 56
42 62
42 81
42 82
42 87
42 95
42 96
43 51
43 59
43 63
43 84
43 88
43 90
43 95
44 59
44 83
44 92
45 46
45 55
45 68
45 76
45 96
46 84
46 94
47 70
47 86
47 87
48 52
48 71
48 76
48 86
48 90
49 56
49 62
49 85
50 52
50 58
50 62
51 56
51 72
51 79
51 81
51 94
52 54
52 66
52 70
52 72
52 88
52 99
53 58
53 61
53 69
53 70
53 79
53 89
53 91
54 83
54 84
54 95
55 77
55 80
55 82
55 96
55 97
56 64
56 65
56 67
56 79
56 80
57 63
58 65
58 77
59 62
59 65
59 82
60 62
60 63
60 70
61 66
61 71
61 86
61 96
62 65
62 66
62 69
62 84
63 64
63 93
63 95
64 69
64 71
64 84
64 87
65 67
65 69
65 74
65 76
65 80
65 94
66 80
66 81
66 86
66 87
66 92
66 98
67 92
68 69
68 79
68 95
69 71
69 75
69 84
69 91
69 95
70 76
70 97
71 73
71 74
71 96
72 75
72 87
72 93
72 99
73 74
74 86
74 93
75 78
75 88
75 96
75 99
76 80
76 86
76 90
76 92
77 82
77 90
78 80
78 82
78 93
78 96
79 87
79 93
79 95
79 96
79 98
80 87
80 98
80 99
81 90
82 83
82 88
82 92
82 95
82 98
83 88
83 93
84 90
84 91
85 97
86 96
87 97
88 96
88 98
89 90
89 99
90 93
90 94
90 96
91 94
92 99
94 96
95 97
98 99
