30 250
0 2
0 3
0 4
0 5
0 6
0 7
0 8
0 9
0 11
0 12
0 14
0 16
0 17
0 18
0 19
0 21
0 23
0 25
0 26
0 27
0 28
0 29
1 3
1 4
1 6
1 8
1 9
1 12
1 14
1 15
1 17
1 19
1 20
1 21
1 23
1 28
1 29
2 5
2 6
2 10
2 11
2 13
2 14
2 15
2 16
2 17
2 18
2 19
2 20
2 21
2 23
2 28
2 29
3 6
3 8
3 10
3 11
3 13
3 14
3 16
3 19
3 22
3 23
3 24
3 29
4 5
4 7
4 8
4 10
4 11
4 12
4 14
4 17
4 18
4 19
4 21
4 25
4 26
5 6
5 7
5 9
5 11
5 12
5 15
5 18
5 22
5 24
5 26
5 28
6 9
6 10
6 12
6 13
6 16
6 17
6 18
6 19
6 20
6 21
6 22
6 23
6 24
6 25
6 26
6 27
6 28
6 29
7 8
7 9
7 10
7 11
7 12
7 13
7 15
7 16
7 17
7 18
7 20
7 24
7 26
7 29
8 10
8 13
8 15
8 16
8 20
8 21
8 22
8 24
8 25
8 26
9 10
9 11
9 14
9 17
9 18
9 21
9 22
9 23
9 24
9 28
10 11
10 12
10 13
10 14
10 15
10 16
10 17
10 20
10 21
10 23
10 24
10 25
10 26
11 12
11 14
11 15
11 18
11 22
11 29
12 13
12 14
12 15
12 17
12 19
12 22
12 26
12 27
12 29
13 16
13 17
13 19
13 20
13 21
13 23
13 25
13 27
14 15
14 17
14 18
14 19
14 20
14 21
14 23
14 26
14 27
14 28
15 17
15 20
15 22
15 23
15 24
15 25
15 26
15 28
15 29
16 18
16 21
16 22
16 24
16 26
16 27
16 29
17 20
17 22
17 23
17 26
17 28
17 29
18 19
18 20
18 21
18 22
18 24
18 25
18 27
19 22
19 24
19 25
19 29
20 21
20 22
20 23
20 24
21 22
21 23
21 26
21 28
21 29
22 23
22 24
22 25
22 27
22 29
23 24
23 26
23 27
24 25
24 26
24 27
24 28
25 26
25 27
25 29
26 27
26 28
26 29
27 28
27 29
28 29
