300 1500
0 59
0 193
0 205
0 227
0 232
0 246
0 297
1 26
1 160
1 189
1 201
1 223
1 224
1 234
1 238
1 270
2 7
2 11
2 40
2 89
2 172
2 192
2 226
2 245
2 255
2 267
2 284
2 290
3 66
3 69
3 119
3 174
3 220
3 227
3 239
3 251
3 282
4 27
4 56
4 88
4 95
4 178
4 183
4 199
4 236
5 25
5 27
5 62
5 91
5 96
5 122
5 173
5 271
5 292
6 7
6 28
6 120
6 121
6 136
6 165
6 190
6 232
6 242
6 245
6 257
6 285
7 11
7 32
7 48
7 66
7 78
7 99
7 154
7 192
7 210
7 244
7 248
7 254
7 284
8 29
8 86
8 157
8 183
8 197
8 208
8 231
8 276
8 283
9 20
9 110
9 226
9 256
9 259
9 286
10 40
10 43
10 55
10 113
10 163
10 190
10 207
10 231
10 242
10 251
10 295
11 40
11 49
11 94
11 145
11 199
11 223
11 286
12 38
12 47
12 56
12 145
12 152
12 213
12 244
12 265
12 293
13 46
13 53
13 64
13 122
13 124
13 191
13 219
13 282
13 284
14 73
14 87
14 136
14 137
14 149
14 195
14 274
14 298
15 38
15 47
15 56
15 60
15 108
15 159
15 163
15 170
15 228
15 252
15 257
15 260
15 275
15 288
15 289
16 38
16 66
16 77
16 87
16 90
16 130
16 151
17 165
17 171
17 175
17 176
17 208
17 213
18 23
18 87
18 108
18 121
18 170
18 186
18 295
19 33
19 36
19 44
19 102
19 108
19 113
19 114
19 174
19 208
19 209
19 265
19 286
19 291
20 22
20 85
20 186
20 269
20 287
21 76
21 85
21 124
21 136
21 213
21 223
21 230
21 250
21 276
21 280
22 69
22 169
22 195
22 213
22 243
22 245
22 268
23 127
23 131
23 159
23 169
23 174
23 196
23 209
23 223
23 248
23 251
23 259
23 286
24 139
24 282
24 298
25 50
25 94
25 99
25 103
25 133
25 137
25 146
25 148
25 277
25 280
26 44
26 70
26 86
26 96
26 132
26 159
26 224
26 255
26 269
26 275
27 37
27 72
27 79
27 95
27 144
27 157
27 198
27 275
28 68
28 91
28 168
28 247
28 280
29 104
29 198
29 248
29 256
29 260
30 40
30 41
30 245
30 246
30 261
30 266
30 278
31 35
31 67
31 71
31 92
31 121
31 131
31 157
31 159
31 174
31 196
31 258
31 280
31 282
32 47
32 90
32 116
32 171
32 190
32 208
32 262
33 49
33 52
33 53
33 84
33 122
33 167
33 188
33 221
33 242
33 244
33 268
34 43
34 165
34 184
34 209
34 237
34 268
34 284
35 60
35 83
35 92
35 105
35 139
35 161
35 198
35 206
35 268
35 278
36 59
36 76
36 98
36 180
36 208
36 210
36 217
36 222
36 231
36 234
36 262
37 38
37 39
37 126
37 151
37 170
37 190
37 246
37 249
38 72
38 91
38 121
38 122
38 142
38 189
38 194
38 299
39 86
39 93
39 102
39 113
39 139
39 147
39 156
39 162
39 166
39 222
40 71
40 88
40 119
40 150
40 171
40 184
40 186
40 191
40 261
41 44
41 102
41 115
41 150
41 165
41 182
41 200
41 226
41 254
41 287
42 59
42 97
42 114
42 150
42 292
43 56
43 117
43 143
43 158
43 217
43 252
43 254
43 255
43 274
44 45
44 63
44 87
44 94
44 120
44 148
44 224
44 256
44 262
44 273
45 63
45 76
45 77
45 85
45 121
45 195
45 224
45 227
45 245
45 262
45 269
45 293
46 67
46 112
46 233
46 249
46 250
46 292
47 99
47 108
47 162
47 233
48 61
48 81
48 127
48 135
48 144
48 147
48 152
48 164
48 174
48 223
48 270
48 271
49 65
49 82
49 111
49 119
49 147
49 173
49 181
49 220
49 238
49 291
50 78
50 182
50 238
51 53
51 94
51 135
51 138
51 239
52 77
52 98
52 105
52 141
52 190
52 193
52 277
52 293
53 60
53 150
53 158
53 177
53 178
53 181
53 206
53 216
53 261
53 269
53 270
54 78
54 100
54 117
54 160
54 168
54 188
54 242
54 252
54 260
54 295
55 86
55 109
55 145
55 170
55 179
55 266
55 272
56 123
56 164
56 165
56 185
56 200
56 229
57 66
57 79
57 107
57 133
57 147
57 199
57 269
57 295
58 85
58 119
58 146
58 147
58 161
58 189
58 214
58 229
58 243
58 258
58 292
59 73
59 76
59 124
59 132
59 134
59 149
59 174
59 184
59 210
59 214
59 218
59 257
59 267
59 280
59 286
60 68
60 126
60 134
60 189
60 193
60 200
60 211
60 215
60 245
60 281
60 286
60 295
61 81
61 159
61 194
61 258
61 270
62 111
62 114
62 200
62 218
62 224
63 98
63 140
63 178
63 182
63 211
63 246
63 272
64 66
64 82
64 90
64 154
64 179
64 188
64 219
64 258
65 104
65 126
65 130
65 163
65 176
65 185
65 186
65 189
65 214
65 249
66 88
66 125
66 131
66 132
66 277
66 290
67 99
67 127
67 131
67 161
67 196
67 203
67 227
67 248
67 279
68 196
68 210
68 229
68 240
68 265
68 267
69 72
69 118
69 127
69 268
69 278
69 292
70 73
70 83
70 87
70 186
70 217
70 222
70 284
70 292
71 81
71 102
71 129
71 186
71 204
71 224
71 246
71 275
71 292
72 96
72 166
72 185
72 213
72 240
72 252
72 289
72 291
72 293
73 94
73 126
73 234
73 261
74 92
74 149
74 192
74 203
74 209
74 217
74 247
74 278
74 280
75 104
75 116
75 173
75 269
75 288
75 293
76 79
76 120
76 184
76 202
76 216
76 226
76 290
77 148
77 172
77 206
77 288
77 291
78 94
78 104
78 114
78 126
78 174
78 177
78 196
78 214
78 234
78 249
78 269
78 290
79 103
79 116
79 132
79 162
79 171
79 175
79 214
79 219
79 224
79 259
79 272
79 283
79 287
79 288
80 99
80 118
80 120
80 151
80 241
80 271
80 278
81 92
81 110
81 200
81 277
82 86
82 103
82 134
82 144
82 152
82 155
83 92
83 135
83 154
83 221
83 224
83 228
83 249
83 252
83 258
83 298
84 108
84 125
84 150
84 193
84 229
84 246
84 261
84 276
85 87
85 97
85 134
85 170
85 174
85 181
85 203
85 215
85 250
85 256
85 262
86 104
86 120
86 151
86 196
86 254
86 270
86 271
86 283
87 108
87 121
87 154
87 160
87 165
87 167
87 198
87 209
87 223
87 242
87 273
88 111
88 112
88 171
88 176
88 252
88 289
89 149
89 179
89 245
89 246
89 249
89 282
89 287
89 290
90 100
90 140
90 205
90 208
90 213
90 274
90 276
91 106
91 121
91 165
91 186
91 227
91 234
91 252
91 258
91 260
92 200
93 124
93 151
93 155
93 195
93 240
94 102
94 122
94 165
94 176
94 202
94 206
94 227
94 234
94 294
95 125
95 137
95 162
95 195
95 225
95 251
95 281
95 297
96 149
96 157
96 167
96 216
96 231
96 251
97 103
97 104
97 120
97 122
97 159
97 181
97 198
97 205
97 248
98 160
99 170
99 177
99 275
99 283
99 290
100 135
100 179
100 220
100 255
100 262
100 263
100 276
101 102
101 108
101 164
101 254
101 289
102 104
102 150
102 170
102 201
102 209
102 283
102 296
103 119
103 120
103 142
103 214
103 228
103 242
103 284
104 109
104 130
104 142
104 203
104 217
104 259
104 289
105 174
105 238
105 256
105 262
105 269
105 272
105 287
106 155
106 204
106 207
106 250
106 270
107 109
107 137
107 163
107 170
107 175
107 222
107 270
108 141
108 156
108 172
108 175
108 177
108 190
108 201
108 255
108 288
109 144
109 188
109 290
110 196
111 134
111 176
111 185
111 221
111 229
111 244
111 250
111 253
111 261
112 143
112 208
112 209
112 224
112 233
112 244
112 273
112 289
112 296
113 115
113 137
113 176
113 185
113 224
114 124
114 186
114 193
114 232
114 263
115 133
115 148
115 177
115 197
115 258
115 266
115 270
116 121
116 124
116 202
116 277
116 289
117 146
117 181
117 238
117 239
117 279
117 288
118 133
118 137
118 170
118 215
118 219
118 224
118 282
119 150
119 235
119 246
119 248
119 261
119 269
119 274
119 292
119 295
120 129
120 267
120 289
120 294
121 140
121 155
121 211
121 225
121 227
121 257
121 265
122 132
122 148
122 194
122 206
122 213
122 267
123 174
123 198
123 204
123 205
123 254
123 292
124 145
124 157
124 249
124 273
125 133
125 162
125 172
125 175
125 215
125 219
125 232
125 242
125 261
125 297
126 176
126 182
126 217
126 220
126 228
126 292
126 293
126 294
127 139
127 168
127 196
127 281
128 147
128 160
128 165
128 178
128 194
128 203
128 219
129 164
129 190
129 227
129 283
129 284
129 298
130 212
130 228
130 238
130 243
130 286
130 287
131 143
131 145
131 172
131 220
131 270
131 275
131 278
132 133
132 207
132 224
132 267
132 268
132 274
132 284
132 286
133 147
133 189
133 280
133 286
134 162
134 218
134 226
134 285
135 159
135 191
135 195
135 240
135 252
136 146
136 158
136 163
136 167
136 184
136 200
136 229
137 219
137 239
137 242
137 255
137 291
138 173
138 187
138 208
138 236
138 267
139 214
139 266
140 156
140 190
140 192
140 248
140 254
140 258
141 145
141 173
141 187
141 238
141 246
141 277
141 292
141 298
142 193
142 233
142 247
142 269
143 150
143 199
143 215
143 270
143 290
144 207
144 266
144 279
144 290
145 191
145 224
145 226
145 229
145 243
145 273
146 148
146 150
146 158
146 167
146 200
146 223
146 253
146 265
147 165
147 198
147 213
147 225
147 251
147 283
147 295
148 158
148 166
148 181
148 183
148 197
148 223
148 291
148 293
149 173
149 230
149 242
149 274
149 292
150 168
150 169
150 183
150 201
150 265
150 292
150 293
151 161
151 176
151 199
151 207
151 214
152 226
152 265
152 273
152 277
153 259
153 295
154 201
154 264
155 165
155 184
155 243
155 264
155 265
155 294
156 166
156 169
156 227
156 256
156 291
157 171
157 176
157 215
157 228
157 284
158 194
158 203
158 236
158 272
158 292
159 180
159 221
159 251
159 275
160 180
160 214
160 222
160 284
160 288
161 164
161 185
161 261
161 268
161 274
161 276
162 180
162 211
163 173
163 222
163 237
163 259
163 263
164 174
164 189
164 204
164 245
164 261
165 262
165 277
166 184
166 221
166 260
166 273
167 172
167 236
167 249
167 264
168 259
169 201
169 228
169 245
169 296
170 204
170 237
170 238
170 279
171 217
171 237
171 249
171 262
171 286
172 224
172 241
172 260
172 294
173 184
173 195
173 226
173 228
173 249
173 284
174 246
174 253
174 257
174 263
174 286
174 288
175 184
175 190
175 222
175 297
176 230
176 232
176 290
177 204
177 261
177 282
178 192
178 226
178 246
178 278
179 183
179 225
179 274
180 191
180 209
180 255
180 289
180 293
181 190
181 220
181 223
181 230
181 231
181 240
181 248
181 271
181 273
182 193
182 199
182 210
182 241
182 242
182 296
183 247
184 243
185 189
185 191
185 226
185 283
186 202
186 212
186 246
186 248
186 272
187 189
187 258
187 270
187 286
188 190
188 222
189 208
189 225
189 234
189 268
190 209
190 213
190 296
191 219
191 253
191 260
191 294
192 206
192 241
192 288
192 290
193 213
193 256
193 282
193 291
194 210
194 228
194 245
194 280
194 285
194 290
195 212
195 224
195 282
195 295
196 198
196 203
196 215
196 298
197 219
197 226
197 258
197 273
197 280
198 236
198 260
198 299
199 270
199 274
200 250
200 251
201 209
202 236
202 270
203 254
203 263
204 206
204 225
205 206
205 230
205 248
205 274
205 279
206 226
207 231
207 233
207 239
207 255
207 265
208 244
208 250
209 229
209 263
209 280
209 288
209 290
210 215
210 237
210 243
210 255
210 268
210 290
210 294
211 242
211 263
211 281
211 288
212 232
212 251
212 259
212 271
212 286
213 214
213 274
213 297
214 223
214 229
214 280
214 293
215 226
215 295
216 219
216 223
216 239
216 252
216 263
217 239
217 251
218 253
219 234
219 236
219 276
220 273
220 289
220 293
220 294
220 299
222 225
222 229
222 241
222 245
222 288
222 293
223 244
223 262
223 286
224 231
224 237
224 246
224 248
225 231
225 250
226 227
226 237
226 242
226 299
227 283
227 285
228 266
229 246
229 250
229 298
230 243
230 265
230 281
230 297
231 276
232 249
232 257
232 287
233 280
235 237
235 242
236 242
236 244
236 288
237 255
237 269
238 290
239 249
239 294
240 241
240 246
240 248
243 295
244 251
244 272
244 287
246 254
246 269
246 282
246 294
248 268
248 277
248 291
249 260
249 286
250 261
250 272
251 280
251 285
252 267
253 279
253 292
254 261
254 284
254 290
255 288
256 299
257 258
257 276
257 281
257 282
258 286
259 294
260 298
261 285
261 298
262 282
262 292
264 267
265 296
266 291
266 297
267 285
268 270
268 287
269 281
270 280
270 282
270 292
270 296
275 287
276 283
277 285
279 281
283 291
284 286
288 292
292 293
293 294
