50 400
0 3
0 8
0 9
0 10
0 17
0 19
0 22
0 24
0 28
0 29
0 30
0 31
0 35
0 46
1 7
1 10
1 11
1 15
1 16
1 17
1 19
1 24
1 30
1 32
1 34
1 35
1 37
1 38
1 44
1 48
1 49
2 6
2 8
2 11
2 13
2 16
2 18
2 20
2 22
2 24
2 25
2 26
2 27
2 32
2 34
2 36
2 37
2 39
2 40
2 42
2 49
3 4
3 5
3 7
3 8
3 10
3 12
3 14
3 15
3 20
3 26
3 28
3 33
3 34
3 37
3 47
3 48
4 7
4 10
4 13
4 18
4 22
4 23
4 30
4 32
4 33
4 34
4 36
4 40
4 47
4 49
5 6
5 9
5 13
5 14
5 16
5 18
5 19
5 20
5 28
5 30
5 31
5 32
5 38
5 39
5 41
5 43
5 46
6 7
6 9
6 11
6 14
6 17
6 20
6 25
6 26
6 32
6 34
6 41
6 44
6 49
7 9
7 12
7 14
7 17
7 18
7 22
7 27
7 29
7 30
7 31
7 32
7 34
7 35
7 36
7 38
7 45
7 48
7 49
8 16
8 17
8 18
8 23
8 27
8 28
8 30
8 32
8 35
8 36
8 37
8 38
8 39
8 46
9 13
9 20
9 21
9 24
9 27
9 28
9 30
9 31
9 34
9 35
9 41
10 15
10 17
10 18
10 19
10 22
10 26
10 27
10 29
10 35
10 41
10 43
10 47
11 15
11 17
11 18
11 19
11 22
11 25
11 27
11 35
11 36
11 37
11 38
11 39
11 47
12 14
12 22
12 23
12 26
12 27
12 32
12 33
12 34
12 35
12 41
12 43
12 44
12 45
12 48
13 17
13 19
13 23
13 28
13 33
13 37
13 40
13 42
13 45
13 49
14 15
14 17
14 19
14 20
14 26
14 27
14 31
14 32
14 34
14 36
14 39
14 43
14 44
14 47
15 26
15 28
15 31
15 35
15 36
15 37
15 40
15 42
15 43
15 48
15 49
16 19
16 21
16 22
16 23
16 24
16 26
16 27
16 29
16 30
16 31
16 32
16 35
16 42
16 44
16 46
16 47
17 20
17 21
17 22
17 23
17 29
17 35
17 36
17 37
17 40
17 42
17 47
18 20
18 22
18 24
18 25
18 28
18 30
18 40
18 41
19 21
19 24
19 25
19 38
19 43
19 44
20 26
20 27
20 31
20 32
20 33
20 38
20 39
20 45
20 46
21 28
21 30
21 37
21 43
21 47
21 49
22 25
22 27
22 33
22 36
22 39
22 40
23 25
23 26
23 28
23 30
23 36
23 37
23 40
23 43
23 47
23 48
23 49
24 31
24 36
24 39
24 40
24 45
24 46
24 47
24 48
25 29
25 30
25 32
25 33
25 36
25 39
25 47
25 49
26 28
26 33
26 35
26 36
26 39
26 40
26 43
26 48
26 49
27 33
27 36
27 38
27 46
27 47
28 29
28 34
28 38
28 40
28 41
28 44
28 45
28 47
28 49
29 36
29 44
29 49
30 31
30 32
30 33
30 39
30 41
30 48
30 49
31 36
31 37
31 40
31 43
31 44
31 45
31 47
32 35
32 38
32 39
32 42
32 43
32 44
32 46
32 47
33 34
33 42
33 43
33 48
34 44
34 46
34 47
35 38
35 49
36 37
36 41
36 47
37 40
37 42
37 44
38 40
38 41
38 42
39 48
40 43
40 44
41 42
41 43
41 45
42 43
42 45
43 45
43 48
44 45
44 46
44 48
45 46
45 48
46 47
47 49
