200 5000
0 2 1905
0 3 1057
0 6 809
0 24 845
0 29 712
0 38 1512
0 42 920
0 44 111
0 46 169
0 51 1055
0 57 319
0 62 2401
0 66 1450
0 70 1318
0 73 2244
0 74 1374
0 84 547
0 86 711
0 91 259
0 92 180
0 94 753
0 109 2532
0 112 264
0 113 103
0 132 43
0 133 163
0 135 2662
0 139 2646
0 144 2682
0 145 1560
0 148 2859
0 157 2972
0 160 2567
0 168 1162
0 169 115
0 176 2767
0 177 540
0 179 2224
0 182 2607
0 183 2815
0 185 2194
0 186 1864
0 189 2136
0 193 1832
1 3 2691
1 11 1142
1 13 1388
1 15 1889
1 20 712
1 22 2819
1 25 2247
1 28 2132
1 30 1816
1 33 1371
1 36 1757
1 51 286
1 55 2809
1 62 1517
1 67 520
1 71 724
1 73 2347
1 77 2737
1 78 2210
1 80 248
1 88 2245
1 90 217
1 92 2722
1 93 2190
1 98 2782
1 106 1189
1 108 2226
1 114 1927
1 118 1289
1 126 2304
1 130 1002
1 135 2737
1 137 1463
1 140 206
1 155 389
1 157 663
1 162 2296
1 165 582
1 169 1518
1 180 25
1 185 2211
1 187 1371
1 188 2715
1 189 2782
1 196 875
2 3 245
2 5 1118
2 6 112
2 7 463
2 10 1944
2 11 1736
2 12 377
2 14 2596
2 17 1469
2 21 2288
2 23 316
2 32 2393
2 36 744
2 47 288
2 48 49
2 49 2385
2 50 2219
2 55 2235
2 58 1531
2 59 194
2 62 1564
2 64 1040
2 67 1993
2 70 855
2 74 138
2 78 1270
2 79 2187
2 80 2818
2 88 2710
2 90 2297
2 92 1543
2 94 681
2 99 2796
2 103 2459
2 112 823
2 115 2371
2 122 379
2 124 2385
2 125 2571
2 136 428
2 142 301
2 145 925
2 146 19
2 147 1747
2 153 1005
2 170 308
2 171 2159
2 172 971
2 174 2621
2 177 1421
2 186 2443
2 190 2724
2 193 2809
3 6 2126
3 26 1894
3 28 1085
3 29 216
3 33 2462
3 34 1161
3 36 826
3 40 2480
3 55 1313
3 56 2408
3 62 2365
3 63 1371
3 73 341
3 74 13
3 76 886
3 79 2821
3 80 836
3 81 60
3 86 2033
3 90 978
3 93 2421
3 100 404
3 101 1881
3 104 340
3 105 2045
3 106 452
3 109 1811
3 110 2680
3 115 996
3 116 2012
3 120 772
3 125 1051
3 126 14
3 127 2790
3 133 1854
3 154 2015
3 155 1278
3 160 227
3 163 2577
3 166 2631
3 169 824
3 172 230
3 176 2145
3 177 876
3 178 1859
3 180 1882
3 182 997
3 185 1757
3 189 1305
3 193 693
3 194 2524
3 195 2777
3 197 1108
3 199 1469
4 11 2727
4 14 2292
4 27 1368
4 30 163
4 31 1919
4 37 1308
4 41 763
4 42 2767
4 43 2591
4 46 2888
4 47 2471
4 60 2788
4 67 2136
4 76 1333
4 78 123
4 81 145
4 84 233
4 87 2701
4 88 2556
4 92 65
4 93 2384
4 94 2972
4 97 2868
4 100 1621
4 103 2969
4 108 1576
4 112 1168
4 113 2137
4 123 2529
4 124 2028
4 125 2777
4 126 1393
4 132 2263
4 135 2134
4 141 173
4 142 555
4 145 1247
4 151 286
4 156 2076
4 158 2723
4 160 830
4 162 2649
4 164 672
4 167 1213
4 174 1300
4 177 537
4 178 1745
4 180 309
4 185 170
4 186 1924
4 192 835
5 6 411
5 9 977
5 13 814
5 14 2707
5 25 2999
5 38 514
5 39 329
5 41 2817
5 45 287
5 46 1891
5 49 2965
5 52 649
5 56 772
5 57 525
5 64 1110
5 70 2713
5 71 54
5 73 734
5 79 2321
5 83 2090
5 89 881
5 93 2153
5 101 652
5 108 63
5 111 1407
5 113 2596
5 115 2311
5 116 1600
5 122 660
5 129 1800
5 131 1004
5 136 1202
5 139 2806
5 141 1776
5 145 1177
5 148 2846
5 152 860
5 156 1542
5 159 555
5 160 2162
5 162 241
5 163 2830
5 164 2457
5 169 2279
5 172 1954
5 173 1554
5 174 1754
5 175 1052
5 178 1783
5 180 321
5 183 593
5 189 526
5 192 1507
5 194 1126
6 11 2861
6 12 1669
6 17 877
6 18 907
6 22 979
6 26 44
6 27 2094
6 29 178
6 30 933
6 32 1950
6 49 1923
6 50 1509
6 51 796
6 54 2690
6 55 2966
6 60 473
6 66 2168
6 72 1204
6 77 1833
6 78 373
6 79 1407
6 85 2080
6 87 842
6 88 2112
6 90 2581
6 102 478
6 103 1250
6 105 1415
6 107 344
6 110 1966
6 113 1201
6 114 727
6 115 668
6 116 442
6 117 890
6 119 1371
6 121 1238
6 124 2660
6 125 2287
6 127 1255
6 128 1531
6 142 2497
6 143 2162
6 145 96
6 160 1732
6 161 470
6 165 1455
6 166 2687
6 173 1422
6 178 1810
6 182 2494
6 190 2881
6 193 2724
6 194 2824
6 199 2678
7 8 1126
7 13 637
7 14 37
7 33 21
7 35 1996
7 40 1153
7 42 1312
7 43 1921
7 45 550
7 51 56
7 57 1522
7 61 1747
7 65 980
7 69 987
7 74 509
7 75 2064
7 79 691
7 83 1340
7 86 1368
7 87 706
7 89 617
7 90 661
7 96 2555
7 99 2150
7 106 599
7 107 1707
7 120 1801
7 121 749
7 125 2529
7 128 2158
7 131 1765
7 132 1715
7 134 1246
7 135 1707
7 144 679
7 150 2780
7 154 734
7 155 1353
7 157 196
7 158 1733
7 161 660
7 165 2789
7 168 1415
7 170 775
7 172 1140
7 181 1629
7 183 2082
7 186 1574
7 193 1663
7 194 2791
7 198 1606
8 11 1636
8 19 1500
8 21 1076
8 23 1645
8 27 1124
8 31 344
8 42 518
8 43 2822
8 44 622
8 47 1745
8 51 993
8 55 197
8 65 216
8 68 926
8 71 2643
8 75 838
8 76 750
8 78 909
8 80 2463
8 81 1590
8 82 636
8 84 251
8 86 1652
8 88 2864
8 89 994
8 90 1056
8 97 457
8 105 2090
8 106 1306
8 110 692
8 120 1569
8 121 443
8 123 1242
8 125 965
8 128 2392
8 129 2378
8 133 295
8 134 694
8 145 1437
8 147 1998
8 150 151
8 151 1552
8 152 2810
8 163 31
8 174 2250
8 179 1478
8 183 2310
8 189 2755
8 194 152
9 10 1064
9 11 812
9 15 2749
9 16 2142
9 18 752
9 31 710
9 36 2978
9 40 1595
9 42 2124
9 45 2211
9 47 201
9 52 1147
9 57 1720
9 64 2261
9 73 2898
9 83 1345
9 84 1296
9 85 872
9 87 1423
9 89 2581
9 92 1342
9 98 2585
9 99 156
9 107 631
9 108 1375
9 110 1198
9 115 365
9 116 1042
9 127 454
9 129 2756
9 132 798
9 134 2434
9 137 1205
9 139 1042
9 148 700
9 149 1737
9 154 1657
9 157 660
9 159 1682
9 161 2391
9 162 1322
9 164 2550
9 171 1067
9 173 862
9 174 2888
9 176 2884
9 181 408
9 185 2426
9 190 614
9 198 1660
10 16 692
10 19 1085
10 22 831
10 23 2327
10 24 1885
10 27 1235
10 35 631
10 40 935
10 42 1508
10 47 2463
10 48 1926
10 50 163
10 70 1065
10 71 563
10 82 1499
10 83 1849
10 84 2104
10 85 1922
10 92 328
10 97 1074
10 103 1048
10 107 289
10 109 2707
10 116 124
10 117 676
10 118 1831
10 123 2162
10 127 2366
10 132 2472
10 136 2940
10 137 2154
10 146 1116
10 154 2431
10 156 658
10 161 858
10 162 266
10 168 1988
10 170 2621
10 176 2594
10 187 844
10 191 909
10 198 2027
11 12 2266
11 15 165
11 17 695
11 20 2258
11 22 744
11 29 1375
11 30 1197
11 35 2463
11 41 732
11 45 1442
11 47 2430
11 54 1583
11 56 2043
11 57 2397
11 66 2643
11 71 2771
11 72 2070
11 73 312
11 83 684
11 87 1204
11 88 1824
11 100 1472
11 101 2928
11 103 1572
11 109 117
11 111 1430
11 112 2174
11 116 1413
11 117 2302
11 118 337
11 121 147
11 133 767
11 137 1506
11 138 2135
11 143 2550
11 158 1891
11 163 2322
11 166 1675
11 172 1647
11 177 464
11 183 1267
11 185 210
11 186 2225
11 191 2330
11 193 1414
11 194 1671
11 196 836
12 14 2868
12 15 1288
12 16 1244
12 26 1131
12 29 9
12 33 1411
12 34 1454
12 38 2560
12 39 2405
12 41 2150
12 48 2363
12 56 784
12 59 1414
12 61 680
12 62 1086
12 64 2878
12 67 2900
12 75 2293
12 76 1340
12 85 718
12 91 1161
12 92 2762
12 93 704
12 106 2016
12 107 367
12 109 2564
12 112 611
12 116 2787
12 119 1176
12 123 1177
12 124 489
12 130 673
12 131 1673
12 135 1217
12 137 2232
12 138 2044
12 144 1541
12 151 2808
12 154 1890
12 161 2484
12 162 1006
12 163 2819
12 178 1792
12 180 196
12 186 1926
12 193 2795
12 194 539
12 197 823
12 198 1956
13 25 1714
13 28 2768
13 30 1226
13 31 1714
13 35 2456
13 37 1921
13 41 1284
13 44 2274
13 52 2232
13 54 2146
13 56 1170
13 57 2946
13 58 1764
13 64 325
13 66 940
13 69 1981
13 71 1239
13 76 2040
13 78 720
13 80 1221
13 81 535
13 88 1967
13 89 2469
13 99 2347
13 101 2574
13 106 2174
13 107 1645
13 108 829
13 111 1387
13 116 373
13 122 44
13 129 1917
13 131 796
13 132 2598
13 142 2299
13 156 1657
13 158 1439
13 159 1802
13 162 2215
13 163 2545
13 165 2605
13 166 2818
13 169 2805
13 172 1815
13 174 484
13 178 870
13 187 498
13 188 2764
13 197 321
14 14 1626
14 18 2907
14 19 2674
14 22 1327
14 26 2576
14 32 1293
14 40 2259
14 42 1924
14 45 303
14 53 2715
14 56 855
14 59 579
14 64 2003
14 65 1596
14 77 1687
14 81 2224
14 86 2654
14 88 1628
14 89 754
14 90 1288
14 99 2608
14 102 2130
14 104 62
14 108 1631
14 112 2640
14 113 2347
14 116 2089
14 120 668
14 121 1598
14 125 906
14 129 1316
14 131 446
14 132 1398
14 133 2661
14 144 1166
14 145 1736
14 148 733
14 149 1536
14 152 2826
14 156 1737
14 158 1863
14 165 2365
14 172 1041
14 176 617
14 181 1278
14 182 623
14 183 280
14 184 427
14 185 843
14 187 2809
14 189 2024
14 195 2838
14 197 2208
14 199 2517
15 20 2217
15 21 2767
15 23 844
15 31 1150
15 39 497
15 40 1569
15 44 2358
15 47 1745
15 49 2672
15 51 1407
15 53 2093
15 62 2234
15 64 1569
15 65 1052
15 66 2232
15 67 2237
15 70 393
15 72 2986
15 74 1174
15 78 569
15 80 1228
15 81 941
15 83 207
15 86 322
15 87 562
15 98 2190
15 117 2460
15 118 1470
15 119 1766
15 123 911
15 124 2957
15 130 1234
15 136 2127
15 140 2044
15 142 451
15 145 1094
15 156 2353
15 158 2450
15 172 708
15 178 1469
15 180 1572
15 186 277
15 187 47
15 188 1640
15 194 2772
15 195 470
16 19 2191
16 26 2693
16 28 62
16 29 161
16 34 881
16 37 480
16 40 2703
16 41 2079
16 42 1540
16 47 72
16 50 2031
16 54 1359
16 56 962
16 57 1948
16 59 625
16 78 2
16 82 2966
16 84 770
16 94 1501
16 95 256
16 110 2531
16 114 162
16 118 2641
16 120 2221
16 123 2268
16 129 1863
16 132 2789
16 133 1692
16 134 1562
16 141 553
16 142 198
16 143 2458
16 144 2803
16 145 1909
16 146 1211
16 149 2274
16 161 2764
16 163 292
16 169 295
16 170 58
16 176 2930
16 178 578
16 179 185
16 181 2969
16 183 1078
16 188 294
16 191 1107
16 192 2713
16 193 484
17 19 1040
17 24 2090
17 33 2992
17 40 2543
17 48 1490
17 51 254
17 55 28
17 57 709
17 58 108
17 59 292
17 66 2247
17 76 1746
17 83 2017
17 84 419
17 92 746
17 93 1136
17 95 32
17 99 770
17 105 4
17 106 827
17 121 1089
17 122 2584
17 126 2440
17 129 2469
17 139 1009
17 140 2375
17 161 2038
17 162 352
17 168 2269
17 172 2291
17 182 149
17 186 1639
17 190 2231
17 196 2335
18 18 1817
18 19 2795
18 25 2095
18 31 1410
18 32 856
18 35 2764
18 41 2997
18 46 1889
18 47 1767
18 49 507
18 50 634
18 52 2526
18 54 2526
18 59 1571
18 65 2896
18 68 22
18 72 1425
18 85 1742
18 87 2992
18 93 2252
18 94 2950
18 105 1403
18 108 2010
18 111 1722
18 112 2696
18 114 2897
18 120 2420
18 121 840
18 122 1763
18 127 184
18 147 1738
18 148 841
18 149 622
18 154 203
18 157 1918
18 166 897
18 167 2922
18 169 276
18 170 2059
18 175 2311
18 178 189
18 179 1755
18 180 1902
18 187 1419
19 30 2426
19 32 1506
19 36 1454
19 37 2924
19 40 346
19 41 1417
19 46 1123
19 47 549
19 48 90
19 50 815
19 57 1956
19 65 1386
19 70 524
19 71 404
19 74 259
19 76 419
19 81 1732
19 82 481
19 89 1802
19 96 2428
19 105 1826
19 106 2310
19 108 65
19 113 2904
19 122 1297
19 124 266
19 129 418
19 137 1800
19 138 70
19 141 1232
19 143 2368
19 145 422
19 150 1781
19 156 562
19 157 2598
19 162 1801
19 172 1320
19 173 2278
19 176 1434
19 179 72
19 181 1074
19 183 1921
19 184 2489
19 186 503
19 189 2249
19 192 1282
19 193 546
20 22 669
20 24 1072
20 25 1749
20 34 1289
20 36 372
20 45 2870
20 49 1778
20 51 1069
20 53 2273
20 56 1027
20 61 239
20 63 2004
20 64 1790
20 68 1393
20 72 2507
20 83 2655
20 86 2785
20 99 978
20 107 2236
20 111 2075
20 113 43
20 114 1932
20 115 1580
20 116 904
20 119 2594
20 120 1486
20 123 1477
20 126 1468
20 127 2240
20 132 2631
20 134 25
20 136 113
20 138 393
20 154 2090
20 155 2351
20 157 945
20 161 2014
20 165 469
20 167 2346
20 172 1962
20 181 2181
20 188 2880
20 193 1243
20 196 17
21 22 2861
21 24 2980
21 38 927
21 40 688
21 45 119
21 50 171
21 55 267
21 58 674
21 59 894
21 69 2463
21 74 189
21 76 2720
21 78 2657
21 81 2847
21 87 576
21 90 329
21 93 1817
21 94 2545
21 95 892
21 97 902
21 99 2534
21 104 2365
21 107 2142
21 114 477
21 116 2474
21 120 2396
21 125 336
21 133 166
21 135 2593
21 136 609
21 137 1027
21 138 1694
21 142 334
21 150 1996
21 152 497
21 160 2131
21 162 418
21 170 992
21 174 436
21 175 1144
21 179 2282
21 181 150
21 187 2351
21 191 1189
21 196 1067
22 22 1724
22 26 1024
22 29 1584
22 35 859
22 36 841
22 38 2860
22 42 1921
22 45 1845
22 51 2618
22 54 2499
22 57 2414
22 60 1661
22 62 1820
22 65 2490
22 66 1816
22 69 2381
22 76 143
22 77 780
22 82 2792
22 85 1143
22 92 2713
22 93 1767
22 106 1351
22 110 1017
22 114 2078
22 118 9
22 127 2771
22 128 2802
22 133 1873
22 139 2539
22 142 2327
22 144 1065
22 145 192
22 147 2749
22 148 1576
22 153 446
22 154 1041
22 158 2880
22 165 2852
22 170 1369
22 171 1851
22 172 396
22 175 2445
22 176 772
22 179 942
22 181 2277
22 193 2406
23 24 2283
23 44 1077
23 53 1445
23 54 2593
23 55 1496
23 65 2038
23 66 759
23 71 2751
23 72 1870
23 74 1256
23 80 200
23 81 1343
23 82 2704
23 84 1706
23 86 1077
23 92 1602
23 94 943
23 105 1096
23 109 1322
23 113 2464
23 115 1928
23 116 2970
23 117 1289
23 121 152
23 123 2521
23 132 915
23 134 391
23 136 46
23 137 128
23 144 1713
23 148 814
23 150 761
23 155 2966
23 158 2618
23 161 368
23 163 2203
23 165 2323
23 170 2629
23 176 1679
23 181 1983
23 185 1822
23 194 783
24 24 1827
24 25 1407
24 31 2826
24 32 2833
24 35 3
24 49 2466
24 51 1482
24 54 2848
24 57 1190
24 67 217
24 70 1433
24 78 2662
24 80 1844
24 87 1895
24 88 1379
24 89 1020
24 91 677
24 93 1715
24 101 2189
24 106 1980
24 110 1039
24 119 1084
24 123 1230
24 124 1005
24 126 1803
24 136 1339
24 146 2107
24 149 763
24 152 1505
24 153 1808
24 158 2107
24 161 820
24 163 967
24 171 1832
24 175 1576
24 176 2603
24 181 474
24 183 2226
24 194 1433
24 196 783
25 40 1369
25 41 248
25 52 1246
25 59 415
25 67 2402
25 68 634
25 73 2713
25 77 316
25 78 2477
25 81 2983
25 82 1121
25 85 2555
25 87 1534
25 96 247
25 99 2557
25 102 2469
25 104 506
25 108 189
25 118 1073
25 125 394
25 128 361
25 129 1167
25 133 1151
25 136 2037
25 140 1818
25 141 1456
25 142 2676
25 145 1962
25 147 160
25 150 1018
25 153 5
25 159 1655
25 161 891
25 163 1478
25 168 2680
25 171 940
25 172 855
25 174 2657
25 176 928
25 177 311
25 182 2854
25 187 1198
25 192 2015
25 195 921
25 196 1740
26 27 2317
26 28 898
26 30 139
26 32 560
26 33 1078
26 39 936
26 40 2615
26 43 1677
26 45 803
26 46 107
26 49 1440
26 60 2415
26 65 501
26 69 1989
26 73 2698
26 74 2234
26 77 498
26 78 866
26 85 2810
26 86 696
26 91 1239
26 105 175
26 110 2082
26 117 2982
26 120 350
26 121 669
26 126 1461
26 128 1320
26 129 677
26 134 2806
26 140 1838
26 148 580
26 149 2102
26 150 2981
26 158 985
26 166 2849
26 168 2414
26 172 696
26 175 650
26 180 2178
26 184 930
26 194 2324
27 31 283
27 34 106
27 36 1358
27 37 1411
27 38 983
27 40 141
27 41 272
27 45 663
27 50 2700
27 53 712
27 59 1807
27 60 2288
27 65 1033
27 66 744
27 68 2926
27 74 12
27 80 1248
27 83 1782
27 87 397
27 88 349
27 89 1399
27 99 616
27 101 1497
27 102 1393
27 104 2546
27 107 259
27 108 481
27 109 2068
27 111 238
27 113 638
27 115 1439
27 116 775
27 139 2081
27 141 2634
27 142 1925
27 143 989
27 150 1561
27 154 1302
27 160 379
27 161 782
27 164 1736
27 172 328
27 174 1449
27 175 1700
27 181 1019
27 186 1747
27 190 293
27 196 2218
27 199 1972
28 29 876
28 33 949
28 34 1679
28 42 1637
28 47 2749
28 50 1668
28 51 1780
28 53 2871
28 56 248
28 63 1114
28 66 2411
28 67 399
28 68 371
28 69 168
28 77 949
28 97 2732
28 98 674
28 101 2351
28 104 1887
28 106 921
28 109 2880
28 113 2123
28 116 756
28 117 2789
28 129 1594
28 133 2086
28 136 2588
28 137 1720
28 141 1582
28 146 2338
28 149 2727
28 151 2005
28 153 2046
28 154 2542
28 155 2427
28 158 1408
28 159 1105
28 160 697
28 162 1876
28 163 990
28 164 2404
28 167 2156
28 172 2813
28 173 79
28 178 2244
28 180 2939
28 181 2684
28 182 1143
28 184 2616
28 186 1367
28 191 687
28 195 1325
28 196 2284
29 33 2754
29 34 2808
29 36 704
29 37 247
29 38 2132
29 46 341
29 48 13
29 49 959
29 57 1404
29 61 769
29 65 732
29 66 2823
29 69 2389
29 71 1761
29 74 216
29 78 2459
29 81 1912
29 83 1663
29 84 895
29 87 1907
29 92 743
29 101 1109
29 103 1842
29 108 2820
29 109 2815
29 111 84
29 112 457
29 114 309
29 116 2473
29 119 2878
29 121 2788
29 124 1857
29 136 2437
29 138 744
29 144 355
29 147 2767
29 149 1396
29 158 1170
29 159 2577
29 167 2353
29 169 80
29 172 333
30 31 2121
30 35 1853
30 39 931
30 50 24
30 52 1162
30 69 1060
30 70 2040
30 75 2932
30 78 1399
30 79 1206
30 82 2833
30 85 1105
30 96 1109
30 100 135
30 104 1299
30 106 354
30 113 1189
30 120 2164
30 127 2760
30 135 1609
30 136 2033
30 144 1746
30 148 2052
30 155 759
30 158 317
30 160 2402
30 162 2324
30 166 1814
30 172 2119
30 176 561
30 180 1843
30 184 1831
30 196 1022
31 34 2572
31 38 844
31 39 1776
31 41 2507
31 42 2498
31 50 1883
31 61 2368
31 63 2058
31 64 2877
31 75 2200
31 80 118
31 85 966
31 92 984
31 98 1194
31 100 1066
31 102 2546
31 106 613
31 109 1251
31 111 2161
31 113 1288
31 114 903
31 120 2333
31 123 580
31 128 1547
31 131 2864
31 133 2661
31 134 1097
31 138 1793
31 139 2542
31 147 2387
31 148 1804
31 154 1588
31 162 2461
31 163 2662
31 167 1267
31 168 1725
31 169 2725
31 172 2412
31 174 169
31 177 1782
31 178 104
31 183 2369
31 190 1003
32 39 1097
32 45 2468
32 51 1846
32 55 1352
32 59 2087
32 64 2763
32 77 1152
32 78 1287
32 83 1183
32 85 1201
32 86 2840
32 92 1154
32 95 2512
32 96 1290
32 99 2825
32 102 544
32 106 1417
32 107 958
32 109 2557
32 113 392
32 118 2971
32 119 2843
32 120 671
32 125 2559
32 126 1104
32 129 1480
32 134 2824
32 135 101
32 137 1660
32 138 2613
32 140 1997
32 141 2908
32 143 2151
32 145 1855
32 148 2806
32 155 452
32 159 1241
32 162 2723
32 165 2845
32 168 2825
32 172 2943
32 175 1740
32 177 1575
32 180 2338
32 182 2749
32 183 2336
32 186 704
32 189 2310
32 190 2626
32 191 1043
32 192 1380
32 196 1579
32 197 998
33 33 1769
33 39 1365
33 40 2654
33 52 2535
33 62 513
33 65 229
33 66 723
33 74 2936
33 75 2750
33 76 2915
33 77 160
33 78 1579
33 79 2781
33 84 611
33 89 1490
33 91 451
33 92 216
33 93 2697
33 94 2960
33 96 1656
33 98 2637
33 100 1054
33 113 1521
33 115 2233
33 122 2654
33 126 2327
33 127 449
33 129 2121
33 132 2525
33 149 2850
33 159 557
33 161 1581
33 165 2793
33 170 2390
33 177 2010
33 182 14
33 184 1277
33 190 1197
33 191 1096
33 194 2565
33 195 2634
34 43 2080
34 45 2722
34 52 2063
34 53 620
34 61 2321
34 65 923
34 67 2467
34 73 2269
34 80 2177
34 84 1418
34 85 495
34 87 436
34 89 1805
34 91 244
34 95 2748
34 96 1335
34 100 919
34 101 2319
34 104 652
34 112 2320
34 114 1695
34 117 113
34 120 324
34 122 507
34 124 1775
34 127 439
34 133 2828
34 137 1862
34 141 1973
34 143 429
34 144 2313
34 147 2777
34 154 1976
34 155 115
34 159 1648
34 160 1030
34 171 2043
34 172 481
34 175 2013
34 176 1307
34 177 1056
34 180 1538
34 183 1686
34 184 2334
34 185 837
34 188 2022
34 197 1904
35 41 954
35 42 1969
35 45 2884
35 46 185
35 55 608
35 57 349
35 62 1325
35 67 1680
35 70 408
35 73 206
35 74 311
35 77 1687
35 78 1075
35 79 2582
35 83 2726
35 86 2447
35 95 1262
35 98 2174
35 104 478
35 107 1991
35 110 1286
35 112 2736
35 115 1329
35 118 731
35 119 1357
35 120 216
35 123 1481
35 131 2984
35 135 508
35 141 2160
35 148 683
35 153 2483
35 158 944
35 165 55
35 177 615
35 180 1751
35 181 1469
35 182 2972
35 187 458
35 189 485
35 192 570
35 195 2808
36 37 1609
36 38 2091
36 40 2855
36 43 933
36 45 2377
36 46 1389
36 47 540
36 49 2451
36 50 2723
36 51 2263
36 60 605
36 66 1512
36 76 2486
36 79 2497
36 81 732
36 98 420
36 100 2809
36 106 634
36 109 1548
36 113 581
36 116 570
36 118 550
36 120 1317
36 134 1646
36 135 463
36 143 2746
36 144 2349
36 148 2866
36 158 2674
36 162 2164
36 166 675
36 168 1147
36 179 1203
36 180 239
36 184 1681
36 189 2331
37 40 1813
37 41 151
37 47 1780
37 49 1943
37 55 440
37 56 1771
37 60 2819
37 69 2339
37 72 464
37 73 946
37 84 587
37 85 2433
37 86 92
37 88 24
37 89 2588
37 93 1900
37 102 456
37 105 692
37 106 1087
37 116 467
37 117 2284
37 122 233
37 124 2081
37 126 1702
37 129 903
37 132 1876
37 136 2029
37 137 2576
37 138 471
37 140 1189
37 141 363
37 149 1101
37 151 87
37 154 396
37 157 2969
37 160 2149
37 162 1015
37 167 1992
37 170 2197
37 192 1806
37 195 2881
38 47 1468
38 48 970
38 49 1367
38 50 434
38 54 2654
38 57 584
38 60 948
38 63 1847
38 65 2211
38 70 1812
38 78 2934
38 79 1251
38 83 1979
38 93 1536
38 94 2245
38 98 40
38 100 861
38 106 111
38 108 1173
38 111 2532
38 115 1398
38 123 1433
38 133 2684
38 136 438
38 139 1812
38 148 266
38 156 2946
38 158 357
38 160 954
38 167 1005
38 171 1332
38 173 659
38 179 81
38 181 222
38 185 717
38 188 1854
38 198 1668
38 199 1958
39 41 1034
39 45 674
39 48 25
39 51 1536
39 53 1539
39 58 2861
39 61 2830
39 70 2488
39 76 2065
39 82 453
39 86 1889
39 92 2560
39 97 154
39 102 2551
39 104 1022
39 107 2650
39 108 520
39 112 1525
39 134 432
39 135 222
39 147 2826
39 151 2519
39 152 689
39 153 78
39 157 2284
39 161 1064
39 163 1673
39 165 2250
39 172 251
39 173 2190
39 188 1947
39 192 454
39 198 1030
40 44 151
40 47 1949
40 51 2188
40 54 2582
40 58 2579
40 62 971
40 63 279
40 65 2922
40 70 1817
40 75 220
40 78 460
40 80 1635
40 85 2475
40 86 646
40 92 2254
40 96 122
40 99 220
40 104 909
40 105 1112
40 107 2306
40 113 795
40 116 1836
40 118 1362
40 129 2663
40 136 483
40 137 365
40 140 824
40 141 1612
40 144 2231
40 150 1200
40 151 681
40 152 2433
40 153 443
40 160 2094
40 163 2319
40 165 568
40 170 2843
40 173 1975
40 180 2255
40 182 2185
40 185 105
40 186 1375
40 192 495
40 193 2404
41 44 2732
41 50 1195
41 58 937
41 67 2312
41 70 831
41 73 1417
41 75 233
41 76 28
41 79 2991
41 84 2215
41 91 1415
41 98 1801
41 112 2057
41 116 2300
41 121 1232
41 123 1994
41 126 128
41 127 823
41 128 809
41 129 321
41 130 2196
41 132 1255
41 153 882
41 159 1672
41 161 1358
41 162 218
41 163 430
41 164 637
41 166 1114
41 172 1872
41 173 2120
41 176 642
41 182 1198
41 185 1162
41 187 2306
41 189 537
42 47 1092
42 48 2512
42 49 1609
42 55 604
42 59 2647
42 60 2631
42 65 743
42 73 655
42 74 1970
42 78 335
42 85 2273
42 86 1898
42 95 2534
42 97 1125
42 101 50
42 104 1969
42 105 2587
42 108 2610
42 109 1562
42 114 66
42 120 1125
42 125 319
42 127 2235
42 129 2026
42 132 721
42 134 1920
42 137 1490
42 139 245
42 142 1982
42 145 2293
42 147 1879
42 150 109
42 151 1052
42 154 39
42 163 1459
42 166 338
42 170 1881
42 176 612
42 178 2307
42 181 1360
42 189 2443
42 195 1993
42 196 1384
42 198 416
42 199 465
43 45 1891
43 47 2083
43 48 2758
43 61 2894
43 84 1999
43 88 2943
43 94 1923
43 100 348
43 101 729
43 102 1369
43 114 1583
43 132 2865
43 140 863
43 141 1523
43 142 327
43 143 2202
43 145 1586
43 147 101
43 150 2670
43 151 2663
43 152 2649
43 153 1192
43 156 2378
43 168 566
43 169 827
43 170 2535
43 177 2479
43 184 172
43 185 645
43 187 2239
43 193 2095
43 195 1178
44 45 1164
44 50 56
44 61 2776
44 63 692
44 71 1844
44 72 1891
44 79 274
44 80 1483
44 81 1747
44 83 2545
44 86 428
44 87 131
44 92 1079
44 93 290
44 103 1544
44 118 757
44 124 1282
44 126 320
44 130 1865
44 132 2202
44 134 2961
44 146 754
44 147 2605
44 151 286
44 153 2789
44 154 1550
44 156 1226
44 158 771
44 162 1476
44 168 1717
44 173 2425
44 174 519
44 176 2556
44 178 2641
44 179 2935
44 184 1952
44 185 178
44 187 1151
44 191 1716
44 199 656
45 47 2130
45 51 2912
45 57 1413
45 59 1412
45 60 1998
45 64 2918
45 67 2450
45 70 977
45 77 50
45 78 330
45 80 2556
45 113 2918
45 115 1099
45 117 1785
45 122 1338
45 125 964
45 127 1358
45 128 2909
45 134 1446
45 135 444
45 140 1558
45 144 882
45 145 1414
45 146 2796
45 166 1238
45 176 2306
45 177 770
45 178 543
45 180 2926
45 185 2667
45 188 2042
45 189 2817
45 194 2911
45 196 31
46 46 2682
46 49 1787
46 59 1632
46 60 909
46 61 1296
46 65 1378
46 69 2971
46 70 1714
46 71 2112
46 75 2877
46 76 290
46 77 2225
46 78 925
46 80 312
46 87 2798
46 91 1265
46 97 2342
46 100 1964
46 103 792
46 122 741
46 124 1469
46 133 2623
46 137 1401
46 139 1873
46 141 1138
46 147 1781
46 151 2575
46 152 701
46 163 2865
46 167 1606
46 170 1871
46 171 1477
46 178 2963
46 180 499
46 183 2809
46 186 1851
46 189 2032
46 193 1420
46 195 2504
46 196 976
47 55 344
47 56 2852
47 61 1809
47 65 2295
47 66 586
47 69 2040
47 70 661
47 72 1871
47 75 1329
47 80 2244
47 85 1137
47 92 2018
47 97 2095
47 102 1200
47 107 621
47 108 2141
47 111 858
47 112 359
47 113 2355
47 115 1822
47 132 2397
47 137 761
47 145 1817
47 146 2143
47 147 1201
47 149 1649
47 152 527
47 153 2559
47 160 528
47 161 1656
47 167 1399
47 172 2675
47 176 994
47 179 2594
47 181 2438
47 183 887
47 185 2530
47 190 2196
47 198 686
48 55 1968
48 58 2028
48 67 2277
48 72 1965
48 76 138
48 86 2048
48 91 153
48 95 1550
48 96 299
48 98 2244
48 100 2916
48 102 1880
48 104 1008
48 109 2123
48 114 1065
48 119 887
48 121 948
48 122 1761
48 124 935
48 128 88
48 135 177
48 136 2260
48 137 1923
48 138 364
48 144 2329
48 147 2058
48 150 747
48 154 1340
48 158 290
48 160 2419
48 162 1876
48 171 1756
48 176 1907
48 182 2334
48 192 575
48 195 1570
48 197 2046
49 50 2203
49 53 2294
49 58 360
49 59 1026
49 62 2312
49 71 2074
49 80 1535
49 84 420
49 88 2381
49 94 1409
49 98 2164
49 101 736
49 103 649
49 115 1006
49 121 2874
49 134 374
49 140 1550
49 145 397
49 146 2719
49 149 2038
49 152 2085
49 157 874
49 162 492
49 164 637
49 166 2110
49 168 2670
49 170 2535
49 176 511
49 181 2330
49 185 2154
49 188 2822
49 189 177
49 192 1799
50 51 1228
50 54 277
50 55 338
50 57 1120
50 60 793
50 63 1833
50 68 426
50 71 478
50 76 2025
50 79 1650
50 91 1571
50 94 1671
50 99 662
50 100 2947
50 101 566
50 103 2437
50 105 1021
50 106 2153
50 111 1214
50 114 178
50 119 1923
50 128 1453
50 130 1093
50 131 2038
50 134 600
50 135 2300
50 137 1482
50 139 1920
50 141 2817
50 142 125
50 148 1569
50 149 1343
50 150 211
50 151 1446
50 157 2725
50 160 135
50 161 260
50 162 691
50 165 864
50 168 988
50 177 1974
50 183 2486
50 187 1478
50 192 1625
50 193 1965
50 196 436
50 197 553
51 59 1701
51 66 2006
51 67 744
51 74 2632
51 79 305
51 80 2485
51 85 1907
51 88 2451
51 93 1840
51 96 1521
51 103 2968
51 112 2484
51 123 753
51 128 2459
51 129 2508
51 130 688
51 132 2783
51 138 2996
51 145 1632
51 147 887
51 150 760
51 156 2939
51 157 1221
51 159 445
51 170 2293
51 174 404
51 180 2286
51 181 2070
51 188 2100
52 53 1587
52 61 1936
52 64 1117
52 66 2668
52 67 2667
52 70 158
52 71 2993
52 80 1505
52 82 1156
52 95 449
52 96 947
52 109 2119
52 115 1581
52 117 1715
52 120 429
52 124 1586
52 128 487
52 132 1736
52 134 2592
52 137 2362
52 138 1707
52 147 2482
52 150 2722
52 154 267
52 155 325
52 163 663
52 164 824
52 172 2333
52 173 2507
52 174 2510
52 176 1473
52 177 1822
52 184 1735
52 186 1456
52 194 2199
53 56 668
53 57 241
53 62 2036
53 69 2815
53 73 1767
53 75 1858
53 84 1339
53 85 2022
53 87 1765
53 89 319
53 90 1112
53 95 70
53 96 2545
53 100 2334
53 108 1966
53 111 986
53 115 2293
53 116 1170
53 127 2010
53 131 2420
53 135 1256
53 136 1094
53 138 535
53 151 598
53 160 47
53 161 2426
53 171 2697
53 172 1895
53 173 2289
53 175 1242
53 181 2583
53 186 2839
53 194 2540
53 197 1001
54 56 2786
54 62 976
54 67 1265
54 72 2528
54 73 1690
54 74 2668
54 81 191
54 91 2400
54 94 2640
54 100 1214
54 103 2274
54 104 1686
54 106 1776
54 107 1000
54 108 2580
54 110 2128
54 112 2518
54 118 2309
54 123 1814
54 128 779
54 135 1332
54 137 430
54 139 1
54 140 854
54 148 2415
54 149 864
54 151 1917
54 153 1369
54 159 2820
54 162 1561
54 166 498
54 176 2699
54 186 2803
54 192 518
54 194 1684
54 195 1705
54 196 2279
54 198 1123
55 58 1288
55 59 2170
55 61 1082
55 63 2223
55 74 1614
55 76 652
55 82 2599
55 86 1442
55 90 1728
55 96 2201
55 99 2587
55 104 2123
55 105 458
55 106 431
55 108 1349
55 109 122
55 112 2203
55 119 1655
55 122 625
55 123 1043
55 126 311
55 128 2634
55 129 57
55 135 1495
55 137 916
55 141 2195
55 147 1214
55 151 2312
55 152 165
55 158 1714
55 161 2609
55 162 912
55 167 1104
55 168 2291
55 173 2953
55 180 1118
55 181 1486
55 186 537
55 189 2324
55 190 1034
55 191 2686
55 192 2691
55 194 474
56 61 1870
56 62 313
56 64 1275
56 68 2055
56 75 2291
56 80 1643
56 86 2003
56 92 768
56 93 2779
56 95 443
56 100 1266
56 106 461
56 107 422
56 108 792
56 110 992
56 114 2750
56 118 1486
56 119 2296
56 121 836
56 125 1720
56 129 1680
56 133 1526
56 134 798
56 146 1234
56 147 732
56 148 526
56 151 1229
56 154 1888
56 155 1726
56 156 888
56 165 2371
56 173 1527
56 174 1173
56 175 793
56 179 273
56 181 1486
56 182 1235
56 196 1709
57 58 1030
57 64 1148
57 65 2117
57 67 1270
57 73 208
57 74 2404
57 80 1289
57 88 839
57 90 1962
57 94 2769
57 95 1783
57 103 1079
57 112 1062
57 119 2375
57 124 1675
57 125 2757
57 129 2489
57 131 63
57 136 2149
57 137 112
57 141 1172
57 144 1591
57 145 1660
57 149 471
57 155 463
57 158 2656
57 178 1134
57 182 825
57 186 1579
57 191 1191
57 192 2582
57 193 2222
57 195 1914
57 199 2600
58 70 2805
58 73 582
58 79 1225
58 86 1842
58 100 1734
58 102 1728
58 103 202
58 106 1287
58 111 2169
58 113 855
58 114 2416
58 120 1242
58 128 1840
58 132 1819
58 133 2760
58 135 770
58 136 2566
58 137 1068
58 145 1354
58 160 1342
58 161 2218
58 165 989
58 166 2818
58 167 2729
58 174 85
58 177 61
58 181 2249
58 189 1055
58 199 1431
59 66 2820
59 68 1190
59 86 2401
59 89 197
59 91 1880
59 97 2861
59 98 2401
59 99 1967
59 100 2494
59 104 44
59 107 507
59 110 1693
59 119 1649
59 122 2874
59 129 2212
59 134 2657
59 137 947
59 145 2951
59 146 1818
59 152 1732
59 153 758
59 162 1076
59 165 1446
59 172 2525
59 175 566
59 181 205
59 182 558
59 185 49
60 60 2186
60 62 976
60 64 1965
60 66 1275
60 71 1698
60 72 2133
60 73 2909
60 76 2045
60 78 2802
60 81 579
60 82 702
60 84 2405
60 85 2323
60 92 1670
60 100 1479
60 104 2461
60 108 1084
60 110 1973
60 114 514
60 124 1205
60 125 2849
60 128 2716
60 132 700
60 134 2354
60 137 1766
60 138 463
60 143 1052
60 145 2642
60 149 26
60 150 613
60 153 2462
60 155 151
60 159 1207
60 162 2619
60 163 1171
60 166 1560
60 168 1175
60 174 1522
60 175 2571
60 192 1462
60 197 1548
60 198 2698
61 64 2168
61 70 473
61 74 924
61 79 2656
61 80 1542
61 86 1342
61 93 528
61 94 898
61 95 2893
61 99 966
61 102 2870
61 103 1622
61 106 2867
61 107 659
61 116 1273
61 117 832
61 120 2333
61 121 1461
61 126 801
61 129 98
61 131 1375
61 133 1500
61 135 2577
61 151 89
61 155 715
61 157 1971
61 159 1969
61 163 1380
61 169 2341
61 170 2480
61 176 2415
61 179 417
61 182 146
61 183 1203
61 184 2995
61 198 1869
62 63 2580
62 67 1094
62 70 2930
62 98 1133
62 100 2404
62 103 1300
62 112 1200
62 121 1652
62 125 2077
62 128 919
62 140 1203
62 144 674
62 151 2580
62 155 572
62 157 1460
62 161 1454
62 162 972
62 166 2141
62 176 1181
62 179 1826
62 187 2447
62 189 81
63 63 1315
63 64 711
63 67 308
63 74 139
63 75 546
63 77 120
63 80 1364
63 81 1184
63 95 2349
63 97 1436
63 99 1113
63 101 264
63 105 1850
63 107 329
63 109 782
63 112 2192
63 113 2926
63 114 301
63 117 2221
63 118 1188
63 124 770
63 129 2171
63 134 1248
63 135 2303
63 139 2306
63 141 1529
63 144 1643
63 145 1648
63 146 1912
63 155 860
63 158 933
63 161 1980
63 162 86
63 166 1960
63 169 576
63 174 1721
63 182 2321
63 183 1318
63 185 2824
64 70 578
64 88 2664
64 90 2585
64 92 225
64 93 322
64 101 1675
64 106 2175
64 107 2668
64 111 2513
64 112 293
64 116 2797
64 117 2640
64 124 1811
64 131 2192
64 134 2162
64 149 448
64 152 1596
64 155 325
64 157 1761
64 166 2993
64 174 1188
64 176 1340
64 178 1110
64 180 1732
64 189 2650
64 199 1508
65 66 299
65 68 1048
65 71 2478
65 74 1899
65 77 1491
65 80 106
65 84 644
65 87 1741
65 88 2264
65 102 1036
65 105 1531
65 108 1475
65 111 359
65 113 2630
65 115 1307
65 119 1642
65 125 2235
65 126 866
65 132 1900
65 138 168
65 139 1071
65 150 2328
65 151 2364
65 156 528
65 159 2169
65 163 1404
65 164 1024
65 167 1541
65 171 578
65 181 1190
65 183 1938
65 188 1810
65 190 2077
65 195 2450
65 197 209
65 198 1597
66 69 1385
66 70 2817
66 72 2447
66 81 214
66 85 2069
66 91 1698
66 98 2979
66 100 2306
66 105 1559
66 109 1147
66 113 1502
66 115 1953
66 118 644
66 119 148
66 122 2255
66 125 2636
66 126 898
66 129 1359
66 136 1646
66 142 26
66 151 2468
66 154 1603
66 161 1252
66 166 951
66 170 2957
66 171 186
66 174 1673
66 178 2036
66 182 9
66 187 2949
66 190 2575
66 194 2086
66 195 847
66 197 1758
67 69 2262
67 78 848
67 84 2426
67 85 603
67 86 1266
67 87 2213
67 88 757
67 94 2345
67 109 2542
67 113 590
67 115 2035
67 118 591
67 122 1451
67 125 1046
67 126 317
67 136 2547
67 142 596
67 144 1882
67 151 707
67 152 2858
67 156 1205
67 166 1073
67 168 2369
67 169 2771
67 175 826
67 177 1420
67 178 39
67 179 1218
67 181 503
67 182 700
67 184 651
67 188 2974
67 189 275
67 190 2035
67 196 2814
68 74 1554
68 78 1647
68 81 224
68 82 1846
68 89 538
68 96 520
68 97 1433
68 98 1537
68 100 2342
68 107 2150
68 108 1326
68 109 1570
68 111 302
68 112 447
68 114 2764
68 119 2668
68 121 506
68 128 591
68 139 667
68 143 644
68 161 2844
68 168 864
68 169 915
68 171 440
68 177 10
68 179 1148
68 183 2423
68 191 284
68 198 500
69 69 1832
69 81 1071
69 82 1995
69 90 2020
69 91 1963
69 100 2187
69 101 830
69 104 1762
69 105 1681
69 109 2203
69 125 2244
69 136 109
69 138 1764
69 139 1096
69 140 2151
69 149 2413
69 150 850
69 164 693
69 165 1077
69 171 1987
69 176 1735
69 177 1558
69 181 1557
69 184 369
69 192 180
69 193 91
69 194 1316
70 70 1566
70 71 1633
70 74 2210
70 76 1836
70 81 2066
70 82 463
70 84 2009
70 91 2021
70 93 2512
70 94 1029
70 95 1449
70 97 987
70 103 1452
70 105 2365
70 110 243
70 112 452
70 119 1783
70 121 170
70 126 696
70 130 531
70 135 1265
70 136 2403
70 151 2918
70 152 2692
70 157 1068
70 166 384
70 176 929
70 177 225
70 179 2314
70 180 1155
70 190 755
70 191 1426
70 194 110
70 195 2555
70 197 1297
70 198 2590
71 71 1831
71 72 1034
71 73 1601
71 76 656
71 79 2414
71 80 2248
71 87 1171
71 92 1807
71 96 1805
71 98 2957
71 105 364
71 107 1830
71 111 1691
71 113 832
71 116 1497
71 117 2197
71 119 92
71 125 968
71 126 2585
71 130 418
71 143 425
71 147 1493
71 149 89
71 161 369
71 168 2919
71 169 1472
71 171 867
71 174 2474
71 175 2820
71 176 1628
71 177 652
71 178 1117
71 180 2374
71 191 2333
71 197 1450
72 75 126
72 84 2652
72 88 425
72 89 2427
72 95 205
72 103 2307
72 105 2226
72 106 2196
72 113 2451
72 114 759
72 116 1975
72 120 186
72 125 2673
72 132 2054
72 136 1707
72 145 2496
72 146 27
72 149 2068
72 151 668
72 153 2414
72 155 1320
72 159 2843
72 163 1142
72 168 2716
72 169 468
72 174 2474
72 179 1770
72 187 2224
72 189 2266
73 73 701
73 74 679
73 78 1943
73 89 731
73 91 2993
73 99 2884
73 102 1795
73 106 2756
73 108 1182
73 109 797
73 110 1719
73 111 2138
73 113 523
73 114 2779
73 115 2206
73 117 932
73 121 1494
73 122 2041
73 124 385
73 129 2807
73 136 367
73 145 2956
73 150 1936
73 159 1610
73 162 2812
73 163 2058
73 169 55
73 174 2404
73 176 1864
73 182 2419
73 185 518
73 190 30
73 192 344
73 196 294
74 75 1038
74 81 1151
74 89 1173
74 96 68
74 97 1573
74 99 1656
74 100 2396
74 108 1137
74 112 777
74 113 2207
74 120 460
74 125 2675
74 131 2757
74 133 2614
74 136 315
74 138 61
74 139 1088
74 151 1035
74 154 1848
74 155 1714
74 158 1568
74 163 310
74 165 1788
74 167 1354
74 177 1288
74 179 1677
74 181 2776
74 183 682
74 184 1779
74 185 442
74 199 517
75 79 2005
75 84 1063
75 88 2309
75 91 2653
75 94 161
75 96 2197
75 98 2709
75 107 359
75 116 1773
75 118 960
75 127 215
75 137 2732
75 141 1326
75 142 1916
75 143 122
75 154 2828
75 155 366
75 158 769
75 159 2310
75 168 2431
75 174 967
75 177 2920
75 180 1639
75 188 1336
76 80 714
76 84 586
76 89 312
76 90 1587
76 92 2634
76 93 2882
76 101 646
76 113 2411
76 116 633
76 123 1108
76 125 2592
76 128 2590
76 130 1830
76 144 1013
76 148 2569
76 153 2963
76 154 730
76 155 2287
76 159 623
76 164 1417
76 173 897
76 183 2025
76 184 1303
76 188 1360
76 191 412
76 192 1756
76 195 2681
76 197 635
77 81 1582
77 83 1166
77 84 1271
77 91 2114
77 101 531
77 105 2293
77 108 1832
77 109 2154
77 112 397
77 116 332
77 120 2281
77 123 2095
77 128 2192
77 132 2786
77 134 2094
77 138 125
77 139 679
77 141 1979
77 143 646
77 144 1012
77 155 536
77 157 850
77 158 2957
77 163 2539
77 166 406
77 179 398
77 181 337
77 182 467
77 185 645
77 188 541
77 196 2440
78 78 2335
78 84 986
78 86 2183
78 87 438
78 94 67
78 106 252
78 107 951
78 110 949
78 111 2693
78 119 1574
78 128 1106
78 130 538
78 134 1280
78 138 1394
78 139 1896
78 148 1057
78 156 532
78 159 961
78 166 1242
78 167 1432
78 176 2238
78 180 1915
78 183 2838
78 187 1021
78 188 592
78 196 2148
79 81 1967
79 86 2600
79 87 1940
79 101 1943
79 102 2138
79 105 1735
79 109 2821
79 112 947
79 116 2196
79 126 2330
79 127 2171
79 143 578
79 154 677
79 155 1662
79 158 766
79 161 245
79 162 2757
79 163 848
79 166 1633
79 167 2544
79 174 1027
79 175 25
79 178 1364
79 180 511
79 185 602
79 186 386
79 191 1494
80 82 1453
80 86 2215
80 87 641
80 93 620
80 103 1724
80 110 2561
80 111 1018
80 113 2087
80 114 1221
80 115 1504
80 119 2413
80 122 2448
80 126 2233
80 133 2142
80 145 648
80 149 1921
80 152 101
80 153 2290
80 154 940
80 155 2823
80 166 2632
80 172 1126
80 173 2316
80 183 196
80 185 1347
80 189 1441
80 191 1025
80 194 1559
80 199 1530
81 82 2797
81 84 955
81 93 2120
81 96 2224
81 98 1004
81 102 915
81 105 2336
81 111 1248
81 115 298
81 117 430
81 127 2385
81 129 2828
81 130 1229
81 132 910
81 140 2781
81 144 2887
81 150 2672
81 152 2822
81 157 1747
81 158 2161
81 160 27
81 162 1583
81 163 1151
81 174 2627
81 179 1537
81 184 101
81 185 568
81 189 2576
81 191 1027
82 86 245
82 94 1857
82 99 2468
82 100 728
82 104 708
82 113 457
82 115 1316
82 120 915
82 123 1297
82 124 739
82 125 298
82 138 1376
82 140 1339
82 142 1393
82 147 1449
82 151 2294
82 152 2407
82 156 1487
82 158 2774
82 162 54
82 167 819
82 172 1255
82 173 1692
82 182 689
82 183 2723
82 187 1194
82 190 1957
82 192 1834
82 194 243
83 85 1857
83 88 1002
83 89 2155
83 105 1433
83 109 1103
83 111 1334
83 113 1796
83 114 1475
83 115 2492
83 116 2560
83 119 1343
83 122 535
83 127 2349
83 131 1434
83 134 810
83 136 2587
83 141 510
83 144 270
83 148 1287
83 151 1857
83 152 1385
83 154 2274
83 157 2431
83 160 2387
83 164 1699
83 165 2034
83 166 2794
83 168 2519
83 169 2602
83 170 1292
83 172 2562
83 174 2009
83 183 2121
83 186 483
83 189 713
83 191 518
83 193 579
84 88 830
84 91 567
84 93 401
84 95 2122
84 96 228
84 98 2759
84 104 944
84 108 2609
84 111 1014
84 115 1381
84 117 250
84 118 703
84 119 105
84 123 442
84 125 619
84 130 2228
84 137 2004
84 139 1508
84 142 2051
84 143 2656
84 145 820
84 148 2902
84 149 1859
84 150 1854
84 169 674
84 171 2554
84 173 229
84 176 2568
84 181 2328
84 183 1488
84 185 2959
84 188 835
84 190 1497
84 191 1157
84 192 2687
84 195 1818
84 196 1257
85 102 700
85 103 1411
85 107 609
85 113 2670
85 117 1372
85 118 2736
85 120 2625
85 121 382
85 123 1722
85 131 1034
85 133 501
85 134 2910
85 146 1888
85 147 1109
85 148 270
85 149 244
85 168 870
85 169 1793
85 170 1282
85 172 2769
85 179 1060
85 184 1214
85 185 552
85 190 2778
85 191 2442
85 197 1888
86 86 1230
86 88 2002
86 89 88
86 91 180
86 96 1252
86 103 987
86 110 2568
86 124 1662
86 126 20
86 131 2326
86 133 2940
86 140 357
86 142 275
86 146 360
86 147 254
86 148 2596
86 150 2549
86 156 1161
86 158 1048
86 163 1412
86 166 2271
86 173 422
86 184 875
86 187 2256
86 199 2432
87 89 1050
87 94 1524
87 96 1977
87 100 1043
87 103 2287
87 104 2338
87 105 2238
87 111 897
87 116 1327
87 126 1225
87 127 1505
87 128 2302
87 129 431
87 134 1885
87 135 1438
87 138 2958
87 140 2477
87 142 1160
87 144 1813
87 145 200
87 148 2564
87 151 146
87 156 2372
87 162 1462
87 170 647
87 174 291
87 175 2052
87 181 2293
87 182 3000
87 183 70
87 188 1812
87 189 526
87 191 2680
87 193 1007
87 198 1982
87 199 2740
88 89 1864
88 97 1077
88 98 2301
88 108 2870
88 109 2692
88 113 1503
88 119 1950
88 120 2926
88 122 1867
88 127 554
88 129 2242
88 148 2123
88 152 451
88 156 1043
88 158 2998
88 161 1048
88 165 2545
88 167 545
88 168 2428
88 172 16
88 180 1340
88 182 149
88 187 501
88 196 8
89 93 1960
89 94 2224
89 95 1872
89 97 2910
89 101 2485
89 103 1416
89 106 138
89 107 1996
89 115 14
89 116 459
89 117 2182
89 119 2772
89 122 325
89 124 2578
89 130 1556
89 133 1947
89 136 95
89 138 2379
89 145 2009
89 154 902
89 155 2015
89 164 2234
89 170 1348
89 177 2598
89 184 978
89 188 2070
89 193 709
89 194 571
90 91 1745
90 97 2353
90 100 463
90 101 278
90 102 1685
90 106 2373
90 107 1619
90 120 1032
90 128 183
90 129 945
90 133 1138
90 134 496
90 136 1904
90 144 1182
90 154 1828
90 178 2294
90 179 727
90 180 198
90 181 2686
90 183 1929
90 187 1002
90 188 102
90 192 582
90 194 2428
90 198 11
91 95 1541
91 97 645
91 99 232
91 101 194
91 105 427
91 112 2924
91 117 1673
91 131 253
91 134 2181
91 136 1719
91 138 2048
91 143 2197
91 145 99
91 147 1949
91 154 1583
91 155 925
91 157 2908
91 166 1494
91 169 1338
91 176 2952
91 181 2033
91 186 424
91 193 1349
91 196 2939
92 99 2400
92 100 1331
92 113 29
92 115 1058
92 117 1101
92 122 140
92 126 259
92 131 2218
92 132 1931
92 143 792
92 148 1286
92 164 2794
92 167 2287
92 170 2849
92 172 2897
92 176 160
92 179 1190
92 181 78
92 184 1359
92 190 1094
92 191 1069
92 195 2740
92 197 1431
93 94 2910
93 96 529
93 97 2834
93 100 1085
93 111 1855
93 117 1240
93 119 1160
93 123 1507
93 130 559
93 132 2327
93 135 373
93 140 2036
93 143 1084
93 148 2798
93 150 1356
93 158 849
93 168 474
93 170 2515
93 173 537
93 175 250
93 178 1812
93 180 1105
93 182 1746
93 184 279
93 190 10
93 196 132
93 198 536
94 96 549
94 97 1656
94 102 1429
94 105 1936
94 108 345
94 109 2158
94 112 785
94 117 2305
94 121 2717
94 122 2096
94 125 272
94 128 1019
94 129 926
94 130 945
94 131 2427
94 133 620
94 135 734
94 136 2603
94 141 2542
94 143 2175
94 153 1877
94 161 548
94 165 2915
94 168 2387
94 169 2969
94 173 2124
94 175 2394
94 180 204
94 194 1655
94 197 1439
95 100 885
95 103 2796
95 105 2120
95 111 2132
95 113 1890
95 115 305
95 121 1127
95 128 702
95 129 1089
95 134 2573
95 136 2147
95 137 2746
95 147 2509
95 149 1464
95 151 928
95 153 2141
95 154 407
95 161 1319
95 162 1150
95 165 611
95 168 2994
95 170 2593
95 171 817
95 173 1541
95 176 2547
95 180 59
95 182 621
95 196 1658
96 97 1333
96 99 779
96 107 2274
96 108 1771
96 110 1507
96 116 2467
96 119 2924
96 123 1370
96 137 2995
96 139 1377
96 142 2645
96 151 1412
96 152 394
96 154 2072
96 155 1142
96 156 2119
96 157 2942
96 158 2876
96 160 2132
96 162 727
96 164 510
96 165 1720
96 170 1922
96 171 896
96 173 5
96 177 1640
96 181 1522
96 187 2272
96 189 1303
96 190 2510
96 195 1466
97 105 478
97 107 1913
97 108 262
97 109 1915
97 110 2513
97 113 2221
97 122 189
97 123 1939
97 133 1761
97 140 1989
97 142 2506
97 143 127
97 151 96
97 157 2781
97 162 346
97 164 95
97 176 1638
97 177 616
97 178 1433
97 179 1087
97 181 302
97 183 2454
97 186 277
97 187 612
97 199 1942
98 99 2866
98 109 1836
98 112 1301
98 115 1535
98 117 891
98 119 924
98 130 2956
98 132 1547
98 133 2265
98 137 1434
98 145 2137
98 146 2396
98 147 586
98 148 158
98 150 2196
98 154 2567
98 165 2779
98 173 494
98 174 1064
98 186 1626
98 192 569
98 193 2853
98 196 165
98 197 90
98 198 2432
99 103 643
99 104 333
99 107 2501
99 110 1229
99 112 1528
99 114 2319
99 116 2638
99 134 1181
99 142 1155
99 146 308
99 151 2796
99 152 1530
99 154 2474
99 159 1932
99 161 1594
99 165 488
99 173 1955
99 174 2370
99 183 2980
99 187 2387
99 194 2969
99 196 1005
100 101 2229
100 102 533
100 103 1023
100 107 2458
100 116 964
100 117 2372
100 119 1870
100 124 1630
100 131 892
100 132 1339
100 133 1582
100 136 1736
100 139 2013
100 142 1253
100 145 1415
100 148 760
100 150 1335
100 152 2663
100 156 85
100 158 1318
100 160 330
100 161 2430
100 170 1340
100 176 13
100 177 2282
100 180 1079
100 189 865
100 191 987
100 192 1481
100 194 385
100 199 2622
101 103 1911
101 106 2517
101 109 2044
101 110 531
101 113 366
101 117 2618
101 126 163
101 133 603
101 134 2001
101 137 1963
101 138 1931
101 142 1145
101 145 2577
101 147 598
101 153 2214
101 156 1848
101 163 2754
101 166 243
101 169 2388
101 170 2865
101 175 2479
101 177 359
101 180 2868
101 183 677
101 185 1492
101 190 1769
101 191 52
101 194 489
101 199 1628
102 102 414
102 103 1358
102 104 485
102 106 2366
102 107 1069
102 108 616
102 110 278
102 118 1907
102 126 11
102 128 599
102 134 2443
102 139 1557
102 140 1904
102 147 1213
102 149 1706
102 156 1922
102 158 111
102 161 96
102 162 2333
102 166 555
102 171 1053
102 176 2012
102 178 619
102 181 1930
102 184 1696
102 188 2582
102 195 1321
103 106 2238
103 108 1508
103 112 758
103 113 1198
103 119 1193
103 138 1331
103 141 1468
103 156 1968
103 162 2117
103 166 1579
103 169 1662
103 174 2008
103 176 24
103 179 1384
103 180 1943
103 181 242
103 184 1885
103 187 2165
103 189 478
103 191 1834
103 193 2429
104 106 476
104 110 260
104 112 2053
104 117 2491
104 121 2852
104 122 857
104 128 2932
104 131 1615
104 132 2361
104 137 592
104 139 2495
104 151 686
104 152 1340
104 160 507
104 162 328
104 163 780
104 168 2774
104 170 371
104 171 1408
104 173 1686
104 176 1499
104 179 2393
104 187 1671
104 188 71
104 192 1199
104 197 1064
105 106 2683
105 108 311
105 109 290
105 110 687
105 119 1845
105 121 2106
105 123 898
105 129 2419
105 131 2786
105 134 1688
105 139 1219
105 144 57
105 153 1503
105 156 2874
105 157 2786
105 159 1818
105 166 379
105 172 1407
105 175 2745
105 178 1891
105 180 1286
105 183 2008
105 184 1104
105 193 1075
106 109 2805
106 111 2331
106 125 400
106 127 1799
106 131 2410
106 145 2936
106 149 2666
106 152 1442
106 157 1158
106 164 304
106 165 1280
106 167 844
106 173 1241
106 175 1497
106 180 808
106 190 1299
106 192 2292
106 197 2588
107 107 2135
107 111 1317
107 114 718
107 132 1317
107 138 1209
107 142 1540
107 151 2665
107 155 2166
107 158 901
107 162 2513
107 164 493
107 166 2934
107 168 653
107 171 907
107 172 1525
107 175 2655
107 176 415
107 181 1503
107 183 2970
107 196 788
107 197 1976
108 109 800
108 118 2589
108 123 862
108 124 2632
108 126 367
108 127 832
108 129 2385
108 141 2234
108 145 506
108 150 1837
108 152 1787
108 153 678
108 154 1366
108 156 1830
108 166 626
108 174 2622
108 178 636
108 180 1892
108 181 2762
108 182 1222
108 185 2449
108 186 476
108 189 2874
108 191 1825
108 198 59
109 110 201
109 113 2190
109 121 1458
109 124 579
109 131 2325
109 136 1640
109 138 2602
109 151 2432
109 158 714
109 159 2886
109 162 1510
109 167 1717
109 171 710
109 179 1963
109 181 2222
109 182 2539
109 186 2928
109 187 1016
109 188 2520
109 192 2960
109 195 126
109 198 656
109 199 971
110 115 982
110 117 937
110 121 145
110 123 1030
110 124 2221
110 125 2229
110 126 2890
110 137 145
110 139 2180
110 144 2535
110 146 1612
110 149 547
110 150 1810
110 156 2828
110 158 948
110 161 2291
110 166 932
110 167 1825
110 177 2068
110 183 2030
110 187 2898
110 188 2246
110 191 170
111 113 1872
111 114 2812
111 117 2276
111 123 134
111 128 362
111 132 2838
111 137 2876
111 138 39
111 143 1900
111 148 437
111 155 29
111 156 1859
111 160 1234
111 161 2483
111 166 2688
111 168 2777
111 169 141
111 170 531
111 172 907
111 173 1362
111 176 420
111 178 2838
111 179 490
111 189 1724
111 190 597
111 194 2919
111 197 2465
112 113 939
112 114 2334
112 116 1311
112 120 1352
112 122 2693
112 125 543
112 127 1528
112 130 2093
112 131 2561
112 139 2522
112 144 2914
112 145 245
112 146 477
112 151 564
112 152 2934
112 154 774
112 156 652
112 157 456
112 158 330
112 165 131
112 166 2738
112 168 2949
112 170 126
112 175 2724
112 179 2070
112 183 1033
112 184 2888
112 186 1440
112 188 222
112 189 1568
112 192 1453
112 194 2285
113 116 553
113 119 525
113 122 814
113 127 264
113 130 256
113 132 1558
113 133 154
113 135 2412
113 139 588
113 144 155
113 147 765
113 148 414
113 151 943
113 160 1219
113 164 241
113 165 1119
113 169 2588
113 170 2389
113 183 2002
113 193 871
113 195 823
113 199 95
114 114 1217
114 116 69
114 118 1048
114 125 57
114 126 659
114 127 2854
114 132 1411
114 137 2022
114 140 2627
114 142 8
114 144 1018
114 145 2688
114 148 2463
114 149 1989
114 150 2551
114 151 350
114 154 2300
114 160 2508
114 164 2948
114 165 2440
114 174 703
114 175 734
114 180 1211
114 183 897
114 190 2164
114 197 2541
115 122 1389
115 126 980
115 141 1219
115 145 2470
115 148 1155
115 149 766
115 150 1488
115 155 207
115 167 2417
115 171 1452
115 172 2293
115 174 705
115 180 1414
115 182 2032
115 185 2422
115 186 1894
115 192 863
115 193 1228
115 196 691
115 198 1794
115 199 1417
116 119 780
116 123 1627
116 125 2645
116 136 1203
116 152 1707
116 154 2880
116 170 386
116 177 1475
116 184 531
116 186 1169
116 192 1962
117 119 2791
117 120 2960
117 121 2448
117 123 1064
117 124 911
117 126 1093
117 127 60
117 137 2330
117 140 1183
117 141 1974
117 144 2723
117 146 1247
117 147 535
117 154 2104
117 156 2820
117 164 1056
117 167 427
117 186 114
117 187 1988
117 188 320
117 193 1997
117 197 364
118 120 7
118 123 2369
118 128 1881
118 133 270
118 134 460
118 138 354
118 144 725
118 152 1447
118 154 2065
118 156 88
118 157 2101
118 160 1252
118 161 475
118 165 1858
118 174 380
118 177 1148
118 178 207
118 182 2312
118 194 762
119 121 2968
119 125 280
119 126 1636
119 130 1452
119 131 871
119 137 2608
119 142 1867
119 143 54
119 145 2835
119 156 1263
119 162 2899
119 165 2339
119 172 911
119 178 1032
119 180 2683
119 182 1776
119 186 1220
119 195 1859
120 124 636
120 129 867
120 139 2492
120 142 462
120 143 1435
120 154 189
120 156 1157
120 162 2840
120 166 639
120 171 2157
120 174 173
120 177 1014
120 179 1868
120 186 956
120 187 1300
120 188 756
120 192 2533
120 197 2673
121 123 2660
121 128 24
121 133 2130
121 137 1931
121 142 924
121 145 2726
121 146 1204
121 151 2817
121 152 867
121 155 855
121 156 1087
121 161 2103
121 163 69
121 166 659
121 171 19
121 175 2422
121 177 2932
121 180 1500
121 183 204
121 186 2709
121 190 252
121 198 686
121 199 1463
122 127 1983
122 129 554
122 131 543
122 132 687
122 134 2128
122 138 2602
122 143 2189
122 147 522
122 148 621
122 149 2655
122 151 1659
122 152 904
122 155 1605
122 157 1327
122 163 2795
122 164 1306
122 167 1459
122 171 51
122 173 1213
122 175 1972
122 181 76
122 182 554
122 183 443
122 185 2777
122 195 1131
123 125 2714
123 130 2572
123 133 2911
123 137 2574
123 148 1756
123 167 1042
123 168 2166
123 169 2389
123 175 2621
123 176 698
123 178 146
123 181 525
123 185 2175
123 189 1411
123 190 2363
123 192 1795
123 193 1541
123 199 2490
124 124 682
124 125 57
124 127 961
124 128 1609
124 129 1452
124 130 1748
124 133 2069
124 135 1244
124 139 649
124 142 306
124 149 2590
124 166 1809
124 168 2621
124 174 1045
124 176 807
124 183 2121
124 187 1692
124 189 1770
124 190 1864
124 195 269
125 125 2719
125 129 100
125 130 5
125 131 587
125 138 39
125 144 1032
125 147 1496
125 151 251
125 154 242
125 155 1336
125 160 25
125 161 1224
125 171 2210
125 180 1658
125 184 410
125 185 362
125 190 2220
125 197 2989
125 199 2060
126 128 1961
126 132 292
126 137 2867
126 139 689
126 141 2099
126 142 1285
126 144 2169
126 146 2361
126 149 1298
126 150 1159
126 151 2567
126 152 2025
126 157 1816
126 161 684
126 164 1409
126 169 1404
126 170 2092
126 181 586
126 185 2227
126 192 530
126 196 1819
126 197 2100
127 151 1825
127 154 929
127 155 194
127 157 2964
127 172 2416
127 174 687
127 181 2093
127 183 2599
127 189 322
127 191 2200
127 198 2460
128 134 469
128 135 2328
128 136 634
128 137 53
128 140 319
128 143 2830
128 144 2327
128 148 1139
128 152 1360
128 154 1954
128 158 2674
128 159 1447
128 161 116
128 163 880
128 168 1803
128 173 1281
128 174 2723
128 175 1116
128 177 2019
128 179 2036
128 180 2725
128 184 1629
128 187 2507
128 189 1763
128 193 142
128 197 1862
129 133 53
129 134 2264
129 139 2323
129 141 301
129 145 2783
129 146 1930
129 155 1231
129 158 1373
129 177 584
129 181 1963
129 188 37
129 198 1417
129 199 273
130 131 728
130 144 1355
130 145 2436
130 146 2359
130 150 2704
130 158 745
130 161 2424
130 163 2149
130 166 2679
130 171 2831
130 175 461
130 176 950
130 180 2895
130 181 2776
130 184 652
130 187 1130
130 189 931
130 191 1502
130 192 1903
130 196 1291
130 198 1621
131 136 1672
131 137 759
131 141 2078
131 145 2296
131 154 77
131 157 1466
131 159 2986
131 161 159
131 165 2240
131 166 2783
131 172 888
131 177 1966
131 179 1885
131 183 1176
131 190 1771
131 191 1896
131 193 2606
131 195 270
132 133 120
132 137 481
132 139 1870
132 141 2294
132 144 1506
132 146 2441
132 147 1135
132 150 703
132 152 2757
132 155 1587
132 156 400
132 160 233
132 161 941
132 169 1559
132 182 694
132 185 2282
132 188 2864
132 189 2710
132 192 2388
132 193 2267
132 197 1256
133 151 974
133 156 1850
133 162 1001
133 171 823
133 174 2398
133 190 2720
134 144 434
134 151 2341
134 155 2321
134 160 2525
134 168 2671
134 171 2496
134 175 2305
134 184 456
134 185 1360
134 188 2408
134 189 734
134 191 908
134 196 1339
135 137 2888
135 147 745
135 151 2685
135 153 2189
135 159 2394
135 161 744
135 162 2302
135 163 2429
135 165 2813
135 168 690
135 178 636
135 181 1333
135 188 1351
135 190 229
135 199 547
136 138 1484
136 139 564
136 141 437
136 142 139
136 149 536
136 150 2650
136 152 2208
136 155 2025
136 157 2438
136 159 2409
136 167 2948
136 169 1218
136 172 2689
136 179 2182
136 181 131
136 184 701
136 188 2918
136 199 2732
137 142 2343
137 143 1375
137 147 743
137 148 2720
137 149 1567
137 156 155
137 157 2460
137 162 721
137 164 1214
137 170 2136
137 180 1013
137 183 1353
137 185 2853
137 190 2312
137 191 49
138 141 2958
138 146 2469
138 149 1042
138 154 1180
138 160 1726
138 168 2377
138 173 815
138 177 1396
138 179 2512
138 183 1878
138 195 1464
139 146 1612
139 149 2451
139 154 366
139 162 184
139 167 1202
139 170 1295
139 174 397
139 180 1635
139 181 2359
139 182 2743
139 187 458
139 188 1407
139 193 589
140 140 21
140 141 1104
140 142 2693
140 146 2222
140 148 560
140 149 2130
140 159 506
140 161 1547
140 163 1262
140 167 1142
140 169 1940
140 171 2147
140 172 2421
140 173 605
140 174 389
140 181 212
140 182 1793
140 184 934
140 191 2771
140 196 256
140 198 2957
141 146 126
141 148 2788
141 151 2157
141 169 194
141 171 160
141 177 1938
141 178 1941
141 182 1430
141 198 824
142 146 2753
142 147 665
142 152 369
142 155 364
142 158 1689
142 163 327
142 167 679
142 168 1760
142 171 2396
142 174 1415
142 183 2683
142 185 1607
142 190 775
142 191 2497
142 199 2055
143 144 352
143 145 746
143 151 1920
143 155 2062
143 156 2751
143 158 1911
143 164 638
143 169 1246
143 173 2795
143 175 1812
143 180 240
143 182 1863
143 183 2126
143 185 253
143 186 206
143 192 2465
143 193 379
143 197 2128
144 150 1242
144 152 1930
144 159 2129
144 165 492
144 168 2605
144 171 890
144 172 1612
144 173 1879
144 182 1428
144 186 1566
144 187 2173
144 189 799
144 198 2402
145 147 2844
145 165 1544
145 169 1781
145 180 770
145 182 2186
145 195 80
145 198 2251
145 199 2585
146 156 2481
146 166 648
146 173 1758
146 176 1521
146 177 850
146 184 1433
146 190 2756
146 199 1475
147 164 1685
147 170 986
147 172 2255
147 176 813
147 178 2134
147 179 2189
147 180 2401
147 181 2359
147 184 2914
147 194 558
147 198 2883
147 199 278
148 160 1019
148 161 205
148 168 200
148 169 2215
148 175 1188
148 178 169
148 192 59
148 197 315
149 149 1343
149 151 2060
149 156 1090
149 162 45
149 164 2604
149 167 1242
149 170 164
149 174 1324
149 175 2092
149 176 643
149 180 1904
149 181 1865
149 191 604
149 192 2401
150 151 23
150 153 2939
150 155 2084
150 156 586
150 157 2411
150 161 860
150 162 991
150 168 1972
150 179 2208
150 180 2412
150 183 1249
150 185 2114
150 186 507
150 187 707
150 188 2061
150 189 212
150 190 1427
150 198 1321
151 152 843
151 165 2731
151 167 1384
151 171 1459
151 177 260
151 179 124
151 182 2121
151 183 1840
151 188 1921
151 191 1602
151 199 2478
152 152 588
152 153 2961
152 156 2036
152 157 4
152 162 414
152 164 2192
152 165 1475
152 170 786
152 185 1646
152 186 982
152 189 1126
152 190 1806
152 197 1313
153 155 1614
153 158 2629
153 162 2677
153 169 44
153 171 826
153 172 2726
153 175 1343
153 184 765
153 193 1302
153 195 669
153 197 774
153 199 1175
154 162 1876
154 164 2566
154 172 1391
154 173 1235
154 176 2773
154 182 671
154 183 1332
154 191 418
154 192 2414
155 157 1962
155 159 1782
155 160 897
155 162 1177
155 165 1561
155 166 1992
155 182 2012
155 188 1142
155 191 2099
155 195 550
156 158 209
156 159 2125
156 160 1407
156 167 1193
156 169 2247
156 171 774
156 172 1879
156 173 2848
156 180 1731
156 190 1009
156 193 937
156 194 2713
157 168 51
157 169 1893
157 170 373
157 174 2964
157 176 2676
157 180 2620
157 182 1753
157 185 1521
157 187 2550
157 192 1398
157 194 592
157 195 270
157 197 1944
158 160 2831
158 163 1911
158 171 494
158 176 37
158 179 2623
158 182 719
158 183 2243
158 186 18
158 198 2144
159 162 2743
159 163 690
159 166 2607
159 176 2112
159 179 637
159 183 51
159 187 2400
159 189 1223
159 191 55
159 196 2098
160 163 2303
160 166 2081
160 167 1308
160 168 46
160 169 768
160 174 1846
160 186 638
160 188 1696
160 189 1251
160 191 2235
160 194 2298
160 195 2065
161 161 1726
161 165 1850
161 167 2652
161 168 291
161 177 2117
161 178 280
161 182 10
161 186 2933
161 190 957
161 196 826
161 198 998
162 164 1611
162 166 2141
162 169 2642
162 171 2400
162 172 1754
162 174 1296
162 181 704
162 182 1359
162 183 1309
162 185 87
162 188 1511
162 192 1501
162 198 1783
163 164 2051
163 167 2668
163 176 1339
163 181 1791
163 184 2681
163 193 2166
163 198 1929
164 166 158
164 167 2250
164 170 2481
164 173 658
164 174 635
164 177 383
164 180 1929
164 182 1519
164 183 2539
164 185 2941
164 186 2175
164 192 2651
164 194 1288
165 167 891
165 171 1294
165 173 2279
165 189 238
165 190 2555
165 191 1835
165 197 2891
165 198 1825
166 166 268
166 167 2991
166 181 1509
166 185 2473
166 195 1556
167 168 2457
167 170 2602
167 171 2549
167 178 756
167 180 2389
167 184 1610
167 186 2654
167 189 1444
167 191 2830
167 198 1313
168 178 764
168 185 543
168 188 1665
168 192 1115
168 193 2744
169 169 1953
169 176 782
169 181 2765
169 187 1642
169 189 448
169 192 1466
169 194 2284
169 196 576
170 170 1422
170 172 2803
170 181 1821
170 182 1194
170 185 1431
170 191 232
170 199 2303
171 174 1210
171 178 547
171 179 2585
171 186 2912
171 188 2412
171 191 1565
171 193 2265
172 174 322
172 181 1933
172 191 614
172 194 1466
172 198 723
173 174 381
173 176 1869
173 198 475
174 177 1228
174 179 1556
174 187 1486
174 190 2032
174 195 812
174 199 2119
175 181 85
175 183 1411
175 192 2745
175 197 489
176 182 2956
176 184 1571
176 186 309
176 192 720
176 193 2506
176 194 2165
176 197 555
177 181 2967
177 182 1974
177 185 493
177 191 1115
177 195 1300
177 196 2224
178 181 949
178 185 405
178 189 2409
178 192 2171
178 193 20
179 186 1698
179 188 125
179 189 707
179 198 103
180 185 2152
180 186 460
180 191 1537
180 193 1307
180 197 684
181 182 1667
181 188 1726
181 192 778
181 198 277
181 199 1916
182 183 2210
182 189 1066
182 190 350
182 191 282
182 192 2843
182 198 519
183 183 261
183 184 353
183 185 260
183 192 291
183 199 2407
184 189 1936
184 196 2607
184 197 2429
184 199 2322
185 190 2682
185 196 1192
186 190 2010
186 192 2477
186 195 1984
186 196 1885
186 197 2180
187 188 1876
187 190 1094
187 192 2859
188 193 557
188 195 484
188 196 2113
188 197 960
188 198 1618
189 193 2895
189 194 1208
189 198 1373
190 192 2769
191 197 2187
191 198 2310
193 194 1425
193 196 745
193 197 597
194 196 1615
195 196 269
195 197 1166
195 199 214
196 199 1976
