100 500
0 0 496
0 3 2147
0 19 1859
0 34 2997
0 35 198
0 48 477
0 50 2751
0 57 831
0 67 606
0 75 1261
0 77 2545
0 79 1331
0 92 2996
1 4 1035
1 17 2192
1 31 1121
1 36 739
1 49 1399
1 74 543
1 84 1342
1 91 2431
1 96 2622
1 97 960
2 12 97
2 16 961
2 23 50
2 25 2955
2 31 2682
2 36 1896
2 43 2129
2 52 298
2 60 447
2 63 1647
2 73 2443
3 23 335
3 33 612
3 38 944
3 40 1711
3 44 2984
3 74 2538
3 76 2678
3 78 1178
4 8 458
4 9 1600
4 13 926
4 28 696
4 39 450
4 46 2979
4 58 721
4 60 155
4 64 2949
4 70 2470
4 78 1474
4 79 2702
4 80 1125
4 86 2587
4 91 554
5 7 2497
5 18 2388
5 30 1021
5 37 2766
5 48 1094
5 77 2364
5 80 2554
5 81 2946
5 90 1396
5 91 282
6 7 2698
6 15 2982
6 33 916
6 41 862
6 44 2478
6 57 1485
6 59 89
6 67 569
6 75 1211
6 76 2966
6 80 2624
7 8 2926
7 10 1671
7 27 1779
7 41 1607
7 48 2988
7 51 2144
7 53 838
7 75 1654
7 82 2494
8 11 212
8 36 2221
8 44 527
8 57 1948
8 63 2560
8 67 126
8 85 2247
8 98 1365
9 19 337
9 27 2756
9 38 1084
9 49 1943
9 90 2436
9 97 1880
10 18 754
10 27 2760
10 34 805
10 36 823
10 40 178
10 43 2660
10 96 1317
11 25 2848
11 26 2255
11 30 2570
11 31 232
11 42 1876
11 43 2243
11 48 1682
11 69 796
11 81 1929
11 88 1695
12 42 1255
12 44 895
12 72 1664
12 83 2778
12 92 399
12 97 2042
13 19 527
13 25 1134
13 35 1912
13 42 54
13 52 443
13 60 352
13 67 1759
13 71 870
13 73 649
13 88 837
13 95 2379
14 18 2413
14 31 2988
14 42 775
14 49 264
14 65 796
14 68 2016
14 72 659
14 84 2767
14 94 2987
14 98 2276
14 99 1690
15 28 289
15 40 632
15 45 295
15 55 2642
15 69 1400
15 84 864
15 90 431
16 16 623
16 33 961
16 40 439
16 57 549
16 65 1000
16 78 2295
16 85 2524
16 92 1064
16 97 877
16 98 2621
17 17 759
17 22 2514
17 23 58
17 51 2696
17 75 2457
17 77 1319
17 90 1460
18 31 2863
18 33 1883
18 34 186
18 36 1193
18 45 1875
18 47 1650
18 69 2185
18 70 1494
18 77 1089
18 93 129
19 37 1717
19 53 2180
19 59 1641
19 86 681
19 89 470
19 95 2433
19 97 2249
20 55 1191
20 65 814
20 79 1305
20 80 375
20 85 2023
20 90 547
20 95 1618
21 30 1871
21 36 2764
21 57 1389
21 58 2787
21 65 1159
22 40 2641
22 41 2875
22 42 2235
22 52 220
22 61 2362
22 92 303
22 95 260
22 98 1996
23 28 632
23 31 2000
23 39 2142
23 40 2972
23 51 2917
23 54 751
23 71 2580
23 78 1897
23 80 2489
23 85 2072
24 31 1077
24 48 265
24 51 1639
24 53 2601
24 59 1411
24 73 1197
24 79 2035
25 37 1794
25 50 2144
25 51 282
25 55 670
25 60 2074
25 84 1239
25 86 1579
26 33 2982
26 37 462
26 45 2837
26 55 878
26 58 2053
26 62 1386
26 65 1451
26 68 2975
26 81 2959
26 89 2839
26 96 1446
27 45 1361
27 51 20
27 75 604
27 84 2844
27 94 658
28 49 1479
28 53 111
28 54 1991
28 82 496
28 85 2913
28 89 813
29 50 1763
29 63 1113
29 72 1164
29 82 970
29 84 573
29 87 1546
29 96 1077
29 99 1320
30 40 331
30 51 1706
30 68 1741
30 75 2251
30 81 2517
30 94 84
31 74 2517
31 82 2914
31 92 1627
32 33 1656
32 34 2838
32 49 1681
32 51 1210
32 53 2665
32 58 2571
33 37 1151
33 39 1632
33 40 128
33 56 2212
33 70 191
33 78 1220
33 86 1043
33 89 2725
34 55 1246
34 62 2348
34 67 696
34 81 2211
34 84 191
34 87 260
35 57 1369
35 63 864
36 37 2597
36 38 2056
36 43 1195
36 44 2498
36 46 1383
36 48 1639
36 54 952
36 56 2177
36 64 2380
36 65 455
36 69 164
36 77 2480
36 78 838
36 90 1049
36 96 719
37 53 2920
37 67 1039
37 79 2808
37 87 210
37 88 1426
38 39 2620
38 42 69
38 48 439
38 69 2347
38 95 1157
39 45 1920
39 71 131
39 82 353
40 51 1341
40 53 1230
40 65 1910
40 75 2407
40 76 1768
40 77 1619
40 81 2949
41 57 44
41 70 1245
41 73 2586
41 86 1962
41 96 940
42 48 1769
42 52 2702
42 62 1602
42 72 1133
42 85 1364
42 95 2651
43 48 2003
43 73 2234
43 75 1715
43 77 542
43 81 954
43 90 1244
44 53 1048
44 54 385
44 70 1503
44 87 1897
44 98 2573
45 56 2487
45 65 1601
45 82 1050
45 89 1777
45 92 2507
45 93 2247
46 50 2339
46 88 2246
47 52 2397
47 62 2187
47 63 1573
47 70 1255
47 71 1434
47 73 657
47 86 631
48 49 1904
48 56 2044
48 71 871
48 73 2709
48 74 884
48 79 1495
48 80 364
48 94 1923
49 51 2909
49 63 2622
49 64 740
49 71 728
49 76 43
49 87 2717
49 93 1635
50 58 1358
50 65 1514
50 83 1033
50 88 68
50 92 382
50 93 1543
50 95 736
51 56 1140
51 65 1184
51 83 2292
51 90 1875
51 98 2033
52 54 2766
52 59 2372
52 60 383
52 81 1990
52 99 548
53 53 2021
53 55 2719
53 66 1857
53 75 1513
53 77 542
54 57 492
54 70 2142
54 74 2746
55 62 2312
55 63 1945
55 68 1026
55 96 2346
55 98 1505
56 60 2869
56 82 694
56 91 2744
57 69 344
57 87 2995
57 92 2578
58 58 132
58 59 2680
58 78 1931
59 76 1649
59 83 787
59 87 1546
59 91 559
60 80 2129
61 67 569
61 95 981
62 71 1291
62 96 2106
63 70 1524
63 73 1825
63 74 1387
63 80 2567
64 71 1993
64 74 258
64 76 1780
65 71 1593
65 72 928
65 73 50
65 85 1195
66 93 327
67 82 276
67 86 802
67 90 1956
67 93 1557
68 69 1517
68 70 1035
68 77 106
68 78 1093
68 79 2830
68 83 1935
68 88 1028
68 92 2005
69 72 1008
69 77 2301
69 88 770
69 95 744
70 94 2445
70 98 1890
71 78 3000
71 86 1893
71 94 1047
72 74 1651
72 96 1717
72 97 83
73 77 1377
73 81 2336
73 82 2383
73 86 1163
73 88 744
73 97 2399
75 77 435
75 79 2157
75 90 1193
76 79 21
76 80 892
76 89 1526
77 89 888
78 79 2581
78 89 1677
79 81 317
79 82 2247
80 90 2375
80 98 1791
81 82 959
81 85 878
81 93 1224
81 97 761
81 99 1774
83 84 1565
83 94 676
83 98 1699
84 86 2037
84 96 2533
84 98 1460
87 99 5
88 88 2113
88 92 2279
88 95 612
89 93 318
90 92 2048
91 95 1284
