80 250
0 12 1119
0 20 1466
0 46 933
0 50 498
0 60 742
0 61 234
0 63 195
0 69 759
1 7 899
1 11 585
1 24 542
1 26 112
1 28 3
1 30 724
1 34 485
1 39 1373
1 42 433
1 47 674
1 48 1282
1 65 941
1 67 304
1 76 200
2 7 656
2 11 414
2 20 282
2 26 130
2 61 189
3 8 298
3 13 391
3 31 1239
3 51 1351
3 73 524
4 43 283
4 45 1169
4 67 163
4 70 755
4 79 798
5 28 373
5 60 1067
5 63 92
5 72 1123
6 38 764
6 58 225
6 61 1198
6 69 545
6 75 305
6 78 144
7 29 326
7 36 886
7 55 1262
7 67 583
7 75 893
8 24 1143
8 28 1384
8 49 500
8 58 932
8 65 789
8 68 1137
8 74 321
9 28 356
9 35 1041
9 60 76
9 66 645
9 79 883
10 14 335
10 42 1459
10 51 992
10 57 1309
10 71 406
10 75 1301
11 12 165
11 16 1380
11 17 782
11 36 295
11 50 1421
11 75 1176
12 26 1225
12 47 356
12 65 638
12 76 1438
12 77 1221
13 40 380
13 53 1251
13 61 116
13 72 985
14 33 1173
14 39 1228
14 47 313
14 56 1157
14 58 634
14 67 632
14 74 1321
15 15 1029
15 39 1342
15 41 1143
15 42 836
15 43 1385
15 44 1000
15 52 1253
15 56 953
15 67 527
16 17 696
16 18 845
16 23 707
16 38 1355
16 40 1004
16 41 1175
16 71 1278
16 77 445
17 18 957
17 41 1070
17 61 912
18 38 487
18 63 1177
18 64 1100
18 74 914
19 23 166
19 33 992
19 51 845
19 69 1282
19 71 918
20 37 902
20 60 488
20 70 738
20 71 495
21 27 955
21 32 1267
21 79 99
22 30 923
22 55 369
22 77 805
23 32 447
23 40 1257
23 41 1357
23 70 641
24 31 1078
24 43 879
24 56 1025
25 30 358
25 37 413
25 48 477
25 56 1387
25 58 387
25 74 1451
25 75 1309
26 58 42
26 60 1381
26 79 611
27 50 856
27 78 766
28 29 1074
28 33 750
28 39 596
28 46 1219
28 51 637
28 53 486
28 54 542
28 60 356
28 75 682
29 33 268
29 63 116
29 65 523
30 41 310
30 46 17
30 54 97
30 68 1484
30 78 683
31 65 1114
32 40 590
32 75 1092
32 78 54
33 38 1490
33 72 451
33 73 1207
34 54 1040
34 77 540
35 58 666
35 61 1043
35 69 1184
35 70 563
35 73 1174
35 77 130
36 57 303
36 63 646
36 70 1120
38 40 383
38 44 358
38 54 960
38 59 761
38 61 1260
38 78 546
39 47 1437
39 68 272
40 73 127
41 53 803
41 60 47
41 61 694
42 48 745
42 62 1137
42 79 493
43 62 1430
43 67 374
45 46 1
45 47 1193
45 49 1231
45 60 578
46 60 515
47 56 362
47 69 770
47 70 292
47 75 825
47 77 621
48 53 1425
48 58 633
49 49 1240
49 60 1046
50 63 596
50 70 117
50 73 667
51 59 433
51 60 126
51 70 275
51 72 733
51 73 1239
53 68 1280
53 78 726
54 74 1367
54 79 447
55 69 1235
55 71 173
55 79 992
56 73 949
56 77 740
57 70 566
59 62 309
60 71 1488
60 72 985
60 74 65
61 62 212
61 68 540
61 75 949
61 76 324
62 67 323
63 76 813
63 77 1224
64 72 1311
65 76 693
67 69 698
69 74 1445
71 73 1157
