1000 5000
0 58 5229
0 190 5100
0 221 4123
0 594 5654
0 831 8673
1 86 875
1 88 5829
1 236 3585
1 282 189
1 634 1665
1 649 633
1 731 5007
1 790 8780
1 796 6591
1 861 1253
1 921 1834
2 373 4699
2 516 1308
2 544 506
2 565 7801
2 795 8659
2 800 4053
2 907 563
2 929 6999
2 945 4853
2 991 4668
3 203 5520
3 261 1790
3 347 6731
3 480 7131
3 625 5861
3 670 7458
3 827 181
3 835 4703
3 840 8220
3 932 5461
4 236 3834
4 237 8294
4 290 3136
4 300 2600
4 312 5791
4 321 4714
4 337 3041
4 342 4292
4 397 3679
4 498 4963
4 832 5244
4 891 7824
4 897 7374
4 973 7489
5 508 1173
5 760 5595
5 797 8895
5 817 7652
5 903 4065
5 933 434
6 141 8621
6 218 1438
6 269 7156
6 436 3927
6 540 1715
6 771 4024
6 890 1121
6 918 6740
7 196 7858
7 198 5777
7 200 8810
7 308 7251
7 370 8881
7 428 1473
7 504 4106
7 643 8203
7 676 1381
8 262 3583
8 421 1695
8 535 6233
8 559 303
8 644 416
8 823 3983
8 846 3234
8 943 6451
9 147 4834
9 152 8835
9 157 8316
9 259 6579
9 411 6870
9 416 4194
9 521 182
9 623 5057
9 691 3500
9 816 8872
9 960 7221
10 61 746
10 199 8472
10 269 1488
10 346 4381
10 403 3723
10 606 2803
10 875 2920
11 133 6136
11 159 4512
11 304 8422
11 515 7719
11 570 6431
11 721 6918
11 817 7014
11 851 5431
11 924 7959
11 944 7788
12 133 1071
12 140 7928
12 223 8302
12 230 2952
12 262 2883
12 365 3841
12 429 940
12 445 4442
12 447 6434
12 497 4163
12 629 3249
12 730 4688
12 797 7210
12 881 8612
12 904 3540
12 972 1628
13 174 6471
13 535 7975
13 550 2324
13 554 2583
13 619 6602
13 746 2907
13 783 4057
13 911 1252
13 972 6116
14 149 5512
14 300 1973
14 414 5301
14 714 6902
14 719 728
14 775 6339
14 785 158
14 913 2255
14 916 2365
14 925 8622
15 118 2323
15 175 5256
15 196 642
15 272 334
15 308 3246
15 397 3868
15 733 7556
15 801 6752
15 817 411
15 917 5136
15 932 486
15 982 5928
16 28 1346
16 194 5677
16 429 7594
16 453 6599
16 696 6549
16 738 2182
16 905 8600
16 960 7343
17 191 847
17 209 5510
17 261 2716
17 418 8204
17 491 3337
17 614 114
17 637 3723
17 681 4332
17 716 3582
17 719 7361
17 839 4154
17 861 355
18 420 7398
18 455 2401
18 495 7010
18 546 1275
18 647 1342
18 754 2611
18 764 256
18 779 2020
18 828 24
18 982 8598
19 77 4397
19 96 6947
19 134 1486
19 520 4694
19 541 2813
19 558 6551
19 618 1269
19 653 5962
19 698 1131
19 844 2333
19 952 6623
20 313 1272
20 593 5045
20 657 4103
20 780 5647
20 977 8495
21 148 7042
21 167 5995
21 328 8220
21 494 5588
21 588 4629
21 746 4878
22 261 8519
22 585 6191
22 605 8904
22 847 4116
22 858 2260
22 910 4692
22 928 7598
23 158 704
23 232 3440
23 239 7960
23 408 7692
23 434 6719
23 607 2116
23 609 5096
23 657 3570
23 717 8873
23 756 7055
23 774 5478
23 814 1684
23 947 8609
24 140 7658
24 211 840
24 238 3748
24 343 4888
24 368 7454
24 741 1427
24 980 5100
24 986 6001
24 990 4367
24 993 7739
24 997 4508
25 117 1565
25 118 427
25 311 5418
25 415 5206
25 432 5862
25 451 247
25 478 142
25 487 7812
25 558 2967
25 652 2714
25 717 6089
25 741 3142
25 810 1643
25 972 7982
26 58 1586
26 126 3706
26 129 4381
26 140 1018
26 190 8943
26 210 91
26 535 383
26 620 7961
26 631 7894
26 640 7770
26 834 2288
27 163 1613
27 317 523
27 442 8023
27 525 7479
27 553 8765
27 609 627
27 849 7631
27 853 1573
27 966 4475
28 288 6445
28 372 7625
28 454 752
28 563 6793
28 636 3872
28 669 689
28 734 1721
28 815 8881
28 820 3058
28 845 7200
28 899 51
28 961 7017
29 71 3996
29 85 3025
29 201 2373
29 216 4410
29 265 2670
29 570 1446
29 589 8028
29 723 6575
29 766 4273
29 795 7372
30 452 748
30 577 1335
30 647 2465
30 728 2226
30 904 5035
30 991 2107
31 87 5573
31 201 6260
31 538 454
31 681 5210
31 837 3471
31 848 8583
31 896 5193
31 909 4204
31 920 708
31 945 7913
32 322 102
32 403 6105
32 413 2456
32 500 3338
32 565 5707
32 657 4571
32 799 4273
32 962 4947
33 35 4930
33 114 6853
33 122 3954
33 174 6034
33 401 6272
33 451 8144
33 469 5273
33 492 2856
33 611 2466
33 627 7951
33 758 5398
33 909 4040
34 335 919
34 338 4908
34 449 8020
34 467 4166
34 486 2533
34 516 4276
34 530 7473
34 712 7350
34 743 556
34 753 7108
34 844 4630
34 932 2385
35 240 4546
35 273 4709
35 385 8952
35 390 2276
35 537 2572
35 624 2085
35 673 3561
35 763 5731
35 777 4535
35 999 5857
36 209 2773
36 332 8750
36 339 2283
36 373 482
36 432 8386
36 469 5911
36 478 6644
36 650 3062
36 695 1575
36 720 7768
36 833 7265
36 838 805
36 926 8740
37 82 5648
37 278 8202
37 355 2620
37 548 5517
37 551 3207
37 605 4111
37 840 3761
38 274 448
38 356 6994
38 550 716
38 594 4225
38 627 2776
38 642 4402
38 687 5676
38 813 6403
38 822 2504
39 105 5419
39 176 2501
39 187 4799
39 250 3121
39 281 1083
39 284 7612
39 432 4986
39 438 5819
39 568 3253
39 633 8710
39 769 7036
39 781 455
40 54 4669
40 208 1094
40 298 8059
40 367 386
40 394 1539
40 412 2348
40 459 6049
40 854 2485
40 939 7882
40 972 7269
41 139 8356
41 277 8953
41 285 5919
41 332 4045
41 368 8141
41 612 2393
41 688 1090
41 742 1480
41 753 922
41 941 116
41 993 3190
42 71 5324
42 249 857
42 373 5479
42 634 2204
42 660 3476
42 775 4583
42 789 3378
42 800 3538
42 843 6801
42 958 8557
43 242 658
43 557 7021
44 348 8614
44 411 7570
44 502 2861
44 642 6171
44 732 4027
44 893 953
44 947 781
45 218 4743
45 390 8696
45 412 8649
45 432 2964
45 461 4629
45 720 8938
45 753 204
46 242 2547
46 265 1919
46 330 30
46 470 3812
46 603 2986
46 613 8460
46 686 4074
46 702 7049
46 712 3166
46 882 6681
47 363 3019
47 593 2342
47 698 6846
47 777 1470
47 805 8357
47 928 8817
47 991 502
48 170 8693
48 209 8215
48 261 1877
48 302 7904
48 341 1569
48 366 5899
48 400 8660
48 593 5358
48 719 7725
48 877 8726
49 113 3378
49 294 7674
49 431 3032
49 492 6820
49 522 5199
49 607 5977
49 613 5233
49 682 1746
49 912 8217
50 98 6052
50 186 7996
50 206 3507
50 290 1237
50 320 187
50 491 3291
50 597 323
50 617 2171
50 739 1953
50 804 7658
50 982 7560
51 57 285
51 81 3881
51 180 7798
51 312 5652
51 322 7996
51 327 6462
51 349 4018
51 475 2755
51 516 5134
51 600 1556
51 695 1578
51 713 8353
51 745 908
51 766 4475
51 852 4090
51 945 6923
51 986 1466
52 113 7375
52 327 4737
52 408 8605
52 559 6817
52 640 3653
52 660 5383
52 762 691
52 770 915
52 882 7842
52 943 1175
52 954 5262
53 212 239
53 330 1952
53 414 5935
53 425 6179
53 474 5690
53 567 6226
53 867 8804
53 971 6866
54 80 1898
54 175 4814
54 186 6549
54 206 5478
54 208 251
54 251 713
54 312 5961
54 416 4135
54 502 6319
54 650 6600
54 732 1363
54 777 7825
54 791 2506
54 808 7459
54 922 2617
54 976 87
55 229 8310
55 243 433
55 386 3067
55 574 3213
55 575 5122
55 639 5752
55 686 8982
55 845 995
55 961 6582
55 979 5577
56 82 4142
56 114 4046
56 185 2274
56 192 3822
56 543 4718
56 599 467
56 829 6316
56 908 6435
57 187 2472
57 208 6518
57 227 4006
57 356 8099
57 441 2623
57 524 8330
57 543 8128
57 645 7096
57 766 4999
57 794 3697
57 809 4006
57 861 1046
57 891 7698
57 921 5890
58 183 3216
58 254 8923
58 289 8886
58 305 3199
58 589 800
58 671 8989
58 730 5411
58 737 166
58 828 1783
58 867 5275
58 875 1733
59 209 2035
59 411 6982
59 444 6116
59 919 2906
59 983 8526
60 126 3866
60 159 7427
60 218 4254
60 412 7844
60 580 2147
60 608 7474
60 684 763
60 759 4852
60 770 4887
60 785 149
60 888 7764
60 920 819
61 145 6089
61 263 8198
61 520 2410
61 580 187
61 772 4133
61 778 7874
61 917 2653
62 88 5254
62 131 6717
62 255 3342
62 270 3685
62 406 4932
62 737 1739
62 769 1263
62 815 8242
62 873 3776
63 68 7551
63 283 5612
63 300 5967
63 366 402
63 441 3102
63 446 4548
63 470 2996
63 613 829
63 691 1698
63 761 5667
63 796 5230
63 866 8737
63 931 4525
64 169 8458
64 235 5529
64 414 5706
64 496 258
64 624 1447
64 746 7737
64 756 6422
64 847 1468
64 944 7434
65 265 7601
65 281 8631
65 358 6631
65 403 704
65 492 284
65 546 970
65 561 4881
65 670 224
65 756 459
66 305 8621
66 318 3782
66 431 7598
66 464 6909
66 551 916
66 605 7243
66 641 2212
66 704 4465
66 709 8668
66 770 4860
66 800 5798
66 820 7707
67 160 3560
67 329 4080
67 570 4519
67 604 5098
67 637 1734
67 688 6914
67 711 2283
67 734 4167
67 840 8080
67 897 1133
68 152 5523
68 205 3443
68 233 4844
68 280 7804
68 320 4692
68 413 6694
68 461 2105
68 795 95
68 872 5072
68 885 165
68 909 5116
68 927 1972
69 143 3202
69 392 1215
69 456 4601
69 516 5884
69 572 5983
69 632 6109
69 641 2636
69 710 6857
69 886 5175
69 924 5418
69 992 8926
70 189 4044
70 290 3241
70 535 4321
70 569 7001
70 815 2744
70 841 7156
70 879 5214
70 906 3492
70 990 1001
71 97 322
71 171 2021
71 234 1936
71 250 3062
71 310 8086
71 378 2005
71 461 3717
71 514 2305
71 634 1756
71 641 111
71 669 2048
71 827 3286
72 79 3253
72 137 8531
72 264 7042
72 307 8303
72 315 4514
72 421 6279
72 428 2375
72 558 2544
72 646 7530
72 652 1556
72 873 8450
72 920 2960
72 971 254
73 271 5358
73 275 6073
73 301 3586
73 319 2855
73 374 2204
73 421 584
73 448 4868
73 637 550
73 669 7918
73 670 8952
73 728 2143
73 779 8122
73 816 3288
73 834 6195
73 929 1976
74 737 6792
74 749 2073
74 849 7191
74 868 5386
74 902 5427
74 985 6523
74 994 1823
75 147 7561
75 450 7482
75 493 5064
75 754 7651
75 807 1523
75 817 8589
75 839 8292
76 118 7115
76 366 7087
76 506 5512
76 655 3453
76 698 8016
76 738 2931
76 883 5874
77 226 2419
77 241 7190
77 276 2489
77 307 5643
77 405 4868
77 414 4370
77 538 3027
77 658 4101
77 682 805
77 776 7176
77 828 5841
77 918 2662
77 978 7726
78 513 7717
78 703 397
78 779 3139
79 190 415
79 210 2674
79 234 651
79 386 8712
79 391 5319
79 482 8767
79 588 3985
79 906 3398
79 923 7047
80 199 679
80 222 139
80 324 7053
80 354 7425
80 420 6761
80 521 8989
80 588 7572
80 610 6110
80 616 4882
80 821 2727
80 865 5482
81 124 2680
81 366 21
81 392 2691
81 394 1341
81 450 8110
81 542 2550
81 545 2926
81 605 5706
81 733 8083
81 811 2116
81 831 5894
81 957 6516
82 486 8285
82 511 975
82 917 2709
83 144 1843
83 209 4106
83 256 3310
83 383 3811
83 488 7532
83 528 2326
83 883 7041
83 961 6139
84 91 680
84 240 991
84 306 6931
84 409 2167
84 418 3127
84 558 4001
84 729 6364
84 863 8510
85 141 5720
85 152 5508
85 264 8237
85 590 5938
85 722 3739
85 838 1759
85 895 145
86 108 1549
86 116 4916
86 489 263
86 506 6855
86 546 168
86 562 562
86 689 6980
86 746 8603
86 861 8821
86 913 4434
86 957 8433
87 190 4025
87 257 7182
87 327 4846
87 695 1126
87 736 1876
87 753 1187
87 840 797
87 953 577
88 218 2307
88 541 7316
88 617 4701
88 755 8131
88 888 932
89 154 7960
89 187 3040
89 197 3881
89 208 4784
89 311 8766
89 319 3145
89 431 1425
89 483 4336
89 542 5802
89 581 8142
89 716 5824
89 776 4665
89 813 3939
89 875 1264
89 923 6575
89 937 3496
89 998 5472
90 106 3787
90 236 2198
90 275 2799
90 645 2909
90 705 3284
90 733 4386
90 757 2749
90 980 2132
91 133 1783
91 295 4461
91 456 7853
91 580 847
91 667 7914
91 712 6337
91 938 3119
92 98 7693
92 176 966
92 256 921
92 692 4516
92 732 8187
92 828 3408
92 858 2828
92 929 5435
93 319 3112
93 322 2230
93 328 4547
93 359 1720
93 360 5916
93 481 6569
93 634 805
93 789 2879
94 100 6695
94 116 5046
94 295 6110
94 387 5546
94 698 5365
94 799 8022
94 923 1808
95 256 7545
95 341 5847
95 349 2546
95 453 6258
95 488 4500
95 530 8757
95 554 558
95 586 8416
95 751 8916
95 861 842
96 311 4745
96 401 711
96 459 5241
96 586 2548
96 614 3127
96 791 5696
96 815 3028
97 107 540
97 275 6589
97 350 6504
97 471 8107
97 487 4843
97 878 3385
97 968 856
97 999 1756
98 341 2380
98 356 3760
98 415 7354
98 431 6995
98 575 1399
98 576 3608
98 617 2946
98 683 1562
98 895 2143
99 311 6211
99 768 1465
99 841 652
99 935 7131
99 964 8151
100 221 3598
100 239 8477
100 310 7312
100 341 4012
100 395 1895
100 421 108
100 458 7984
100 487 8627
100 510 2788
100 615 1513
100 645 6134
100 809 8598
100 948 5420
101 215 6801
101 304 8917
101 347 8141
101 618 1063
101 688 2781
101 796 4579
101 923 6775
101 951 8968
102 117 3204
102 139 7280
102 196 5574
102 211 531
102 497 6268
102 552 6055
102 667 4372
102 764 288
102 949 1464
103 217 7155
103 219 5102
103 278 4320
103 810 7082
104 190 7835
104 192 7486
104 223 4161
104 366 4208
104 379 2192
104 535 42
104 713 2976
105 132 3619
105 186 2575
105 198 1626
105 230 191
105 249 5460
105 398 3088
105 450 5142
105 466 4209
105 585 6795
105 676 6256
105 725 4039
105 793 4385
105 856 4305
105 859 4417
105 870 1097
105 982 5850
105 991 7301
106 118 8982
106 228 274
106 372 3591
106 398 4300
106 665 8542
106 836 79
106 862 1968
106 900 6412
106 939 6142
107 114 8795
107 184 214
107 321 2084
107 489 240
107 530 333
107 599 2184
107 604 8735
107 609 5435
107 620 3252
107 994 1285
108 216 8037
108 254 525
108 259 8216
108 327 1922
108 360 1398
108 488 6252
108 504 5082
108 557 4512
108 819 1513
108 824 6269
108 978 2283
109 141 2628
109 192 3333
109 204 6350
109 251 1482
109 270 3095
109 441 8586
109 658 4428
109 877 8894
110 134 5585
110 358 6850
110 384 5853
110 422 668
110 484 577
110 567 8378
110 633 7215
110 662 2041
110 679 4989
110 897 3434
110 950 1592
111 145 1281
111 524 5691
111 638 4974
111 754 5155
111 870 8495
111 948 7509
111 983 3107
112 245 578
112 286 3294
112 409 8295
112 427 337
112 461 8375
112 514 4388
112 704 5332
112 711 1352
112 726 1309
112 739 3133
112 951 8615
113 147 5397
113 206 3988
113 319 663
113 383 1310
113 425 2863
113 433 5537
113 636 6820
113 754 2917
113 893 4087
113 916 2121
114 164 8660
114 191 6657
114 213 2696
114 219 4485
114 281 6549
114 311 1736
114 377 2294
114 528 2495
114 737 8138
114 779 8231
114 812 2855
114 829 5395
114 896 8574
114 929 337
114 996 3323
115 371 6124
115 599 8001
115 771 6520
115 835 4867
116 192 3483
116 260 3853
116 759 5281
116 767 8756
117 153 2169
117 159 5842
117 263 6874
117 270 5870
117 363 3213
117 424 5552
117 501 117
117 546 7385
117 605 5926
117 888 4280
117 956 5798
118 135 6272
118 193 1719
118 315 286
118 333 3949
118 384 2980
118 469 5256
118 918 8695
118 937 7673
118 956 369
119 226 2947
119 348 3348
119 398 2942
119 629 8336
119 662 6170
119 774 7160
119 931 8064
120 137 5390
120 173 2842
120 213 2252
120 243 1450
120 265 5065
120 814 4965
120 852 1547
120 909 8832
120 912 5244
120 972 3078
121 139 5381
121 248 1549
121 451 5150
121 498 3361
121 646 8104
121 696 5625
121 714 7072
122 387 8707
122 454 3573
122 479 5988
122 494 5339
122 564 1626
122 669 3261
123 195 8848
123 233 564
123 456 6149
123 566 2415
123 613 1650
123 676 4288
123 737 8766
123 872 6946
124 128 5859
124 289 5307
124 662 8845
124 677 2148
124 742 5045
124 811 1258
124 820 1022
124 938 7381
125 145 3882
125 159 8490
125 165 3585
125 197 5956
125 261 8926
125 365 6366
125 538 7363
125 639 8385
125 665 294
125 693 2435
125 774 2906
125 867 6805
125 874 3605
126 227 6561
126 228 5288
126 268 1706
126 547 6181
126 871 974
127 142 8575
127 375 1190
127 416 5922
127 573 8516
127 897 6328
128 391 7069
128 422 2220
128 477 8750
128 517 8651
128 538 7675
128 630 6235
129 321 4449
129 336 3716
129 502 4293
129 536 3441
129 767 2019
129 770 7114
129 900 3394
130 172 401
130 501 8185
130 660 8043
130 746 2117
130 898 3887
130 924 8653
131 136 1999
131 168 2738
131 360 2001
131 422 5780
131 488 268
131 492 505
132 136 2463
132 179 2481
132 209 8389
132 241 676
132 334 5312
132 368 4460
132 442 2360
132 464 7203
132 484 4725
132 635 8481
132 800 7561
132 970 1839
133 206 3042
133 267 2587
133 398 1616
133 590 7498
133 741 7508
133 836 8388
134 150 1996
134 310 4024
134 525 820
134 531 6693
134 684 3638
134 845 7644
134 848 7218
134 888 1869
134 915 2134
135 186 8968
135 557 8233
135 572 5289
135 641 4535
135 691 4070
135 938 5506
135 940 4841
136 314 1926
136 418 1904
136 553 631
136 566 2564
136 846 7635
136 964 7999
137 249 3044
137 347 3895
137 473 8398
137 513 2486
137 701 7276
137 808 6615
138 361 209
138 392 1616
138 401 7317
138 548 5741
138 579 800
138 764 5335
138 795 3104
138 802 6896
138 856 6575
138 893 3921
138 962 7918
139 186 6419
139 373 5637
139 579 2869
139 678 6063
139 723 5745
139 762 271
139 775 3018
139 808 4810
139 982 6076
140 156 8513
140 227 5789
140 287 3107
140 363 6792
140 503 6616
140 526 7788
140 539 5919
140 564 7448
140 575 5373
140 576 832
140 579 8927
140 957 4397
141 208 7833
141 325 890
141 341 2713
141 359 1378
141 419 519
141 523 3070
141 565 5030
141 620 5547
141 946 5160
142 157 1491
142 265 1782
142 329 8400
142 339 3968
142 341 6358
142 347 8839
142 403 2543
142 452 5503
142 504 7683
142 631 8006
142 680 753
142 905 7967
142 985 2472
142 994 5489
143 164 3503
143 172 1914
143 226 2297
143 249 7373
143 276 3140
143 385 5377
143 425 450
143 536 8289
143 686 1520
143 729 7095
143 820 4620
143 823 2653
143 983 3905
144 164 8858
144 232 4240
144 266 1635
144 292 825
144 422 4627
144 535 3239
144 544 343
144 698 1663
144 730 5775
144 871 3218
144 886 2397
145 411 7595
145 465 5998
145 551 5767
145 586 6769
145 622 7465
145 799 3580
145 956 4866
146 449 7880
146 493 8197
146 616 7040
146 870 635
146 933 4389
147 223 2236
147 226 302
147 330 7688
147 455 67
147 756 4903
148 153 8538
148 229 132
148 272 3584
148 275 3938
148 361 8209
148 387 6134
148 451 7627
148 708 7647
148 938 4983
148 994 6803
149 212 2353
149 362 4916
149 391 5007
149 421 2406
149 501 2564
149 595 8272
149 904 6430
149 931 4140
150 171 5030
150 187 2556
150 267 5329
150 324 790
150 482 8265
150 554 6206
150 765 7426
150 793 8137
150 872 7458
150 988 890
151 553 8955
151 578 668
151 822 5474
151 938 5913
151 970 1762
152 167 138
152 236 2127
152 257 3578
152 455 3127
152 514 93
152 651 1211
152 706 4482
152 711 4257
152 752 6572
152 804 5163
152 838 8250
152 925 8923
152 948 8418
153 273 3236
153 315 2330
153 334 1781
153 617 3826
153 621 8106
153 683 6762
153 773 1351
153 832 3231
153 870 8021
153 876 8680
153 921 6624
154 382 7208
154 719 8605
154 782 8427
154 925 2886
154 950 2676
155 165 2288
155 181 13
155 231 7105
155 275 7007
155 287 8238
155 461 7675
155 619 3886
155 667 6251
155 719 527
155 767 5427
155 884 6695
155 983 136
156 188 1206
156 259 471
156 273 4833
156 320 6602
156 378 7360
156 448 2494
156 510 3660
156 652 2488
157 271 2787
157 442 3491
157 532 6413
157 729 4246
157 757 552
157 883 2232
157 973 6123
158 238 4527
158 392 3724
158 489 6343
158 624 7777
158 638 2972
158 740 5702
158 870 3788
158 944 7336
159 190 917
159 301 4937
159 364 681
159 433 2817
159 463 2265
159 473 3333
159 490 1721
159 581 3766
159 604 7336
159 669 8618
159 685 862
159 709 8952
159 792 3761
159 978 3507
160 210 1607
160 313 1181
160 356 6067
160 464 3188
160 505 1776
160 546 1766
160 610 5311
160 706 758
160 825 5948
160 895 6419
161 192 3307
161 215 6800
161 483 3795
161 615 2708
161 657 8537
161 731 320
161 796 3682
161 910 3866
161 931 5178
162 279 7970
162 471 2446
162 485 2489
162 535 8397
162 587 964
163 255 1146
163 263 8404
163 289 1271
163 320 1601
163 327 7964
163 398 6092
163 542 3073
163 637 6462
163 756 4179
163 896 6285
163 922 4889
164 210 871
164 327 6944
164 454 4671
164 617 4737
164 697 7092
164 847 4025
164 856 1955
165 187 7017
165 403 4425
165 406 2132
165 549 6958
165 710 1272
165 786 2627
165 862 3957
165 882 5339
165 994 8371
166 262 3707
166 492 7188
166 591 4036
166 624 7404
166 661 7434
166 872 8674
167 358 2076
167 400 4884
167 413 3649
167 487 1200
167 534 3792
167 559 1581
167 679 3283
167 904 3686
167 991 4526
168 250 5158
168 389 3880
168 487 8129
168 504 5567
168 644 5008
168 712 3341
168 726 5110
168 777 2152
168 841 5573
168 889 2004
169 536 4812
169 601 2702
169 650 5038
169 670 5350
169 722 289
169 730 2672
169 884 8876
169 909 2234
169 914 5967
170 188 4609
170 196 4867
170 226 7568
170 333 5909
170 551 7253
170 632 7559
170 783 5980
171 305 5228
171 321 7703
171 332 384
171 472 7883
171 496 2007
171 582 4565
171 685 2801
171 776 5550
171 779 3019
171 933 3620
172 179 4330
172 260 7701
172 265 3013
172 323 3197
172 456 3438
172 492 7116
172 600 3597
172 609 1493
172 733 7540
172 792 63
172 812 2802
172 827 5917
172 886 1911
172 938 3727
173 234 7260
173 266 5639
173 431 4449
173 697 4906
173 702 8967
173 710 628
173 746 6556
173 937 6980
173 963 3475
173 976 6329
174 197 4724
174 314 8640
174 363 5666
174 374 1112
174 498 4484
174 635 3168
174 657 1351
174 724 57
174 830 7188
174 843 1980
174 869 8280
174 870 7769
174 888 4541
175 322 5487
175 574 5859
175 616 4812
175 711 2325
175 776 461
175 830 8225
176 213 39
176 348 6260
176 526 922
176 697 8821
176 754 3151
177 208 670
177 253 6354
177 389 1404
177 457 452
177 596 3758
177 669 8441
177 673 7822
177 890 5208
177 955 5526
178 191 3117
178 273 36
178 281 4473
178 314 2652
178 407 2039
178 441 6253
178 578 502
178 753 5503
178 759 2753
179 212 154
179 376 3596
179 463 8864
179 766 7617
179 937 3056
179 963 4619
180 213 1921
180 416 3245
180 466 8163
180 582 7270
180 589 8217
180 669 877
180 670 8136
180 795 7923
180 847 785
180 943 821
180 956 1527
181 246 6684
181 331 1585
181 383 5288
181 418 5614
181 511 6748
181 575 6377
181 603 235
181 701 5981
181 830 7470
181 951 4848
182 217 5489
182 330 1497
182 389 628
182 451 7770
182 529 4801
182 533 75
182 565 2847
182 643 5045
182 673 3411
182 871 4305
182 904 3206
183 244 6748
183 440 2825
183 720 4481
183 738 6334
184 245 1422
184 429 3990
184 575 7015
184 655 8239
184 725 3098
184 762 3289
184 910 1959
184 982 6545
185 193 2075
185 417 1767
185 461 5677
185 541 5934
185 556 3410
185 744 8869
185 851 8232
185 955 2922
185 996 97
186 197 5032
186 272 3387
186 568 7751
186 610 5298
186 866 6748
186 920 8898
186 944 1973
186 958 6981
186 964 5024
186 999 7051
187 204 1330
187 234 5978
187 331 4190
187 341 5520
187 411 8936
187 550 6027
187 659 490
187 685 1159
187 735 8892
187 796 6484
187 805 5115
187 814 4998
187 946 5665
188 218 3332
188 273 2429
188 296 4777
188 348 2675
188 379 6355
188 392 2140
188 808 1734
188 997 8492
189 198 6797
189 337 951
189 716 6112
189 970 7059
190 257 2162
190 403 5216
190 848 4978
191 194 6401
191 382 1042
191 441 436
191 564 7475
191 690 6761
191 709 5797
192 345 4131
192 381 5566
192 385 5897
192 454 6744
192 455 8282
192 617 7390
192 713 8445
192 831 7696
192 843 3472
193 617 899
193 717 2917
193 885 3350
193 895 8853
193 928 4797
193 996 8567
194 303 593
194 511 2174
194 845 4399
194 880 1174
194 959 4492
195 219 7525
195 351 3674
195 588 1779
195 707 7111
195 974 4064
196 240 5139
196 313 6996
196 339 4013
196 809 1722
196 812 6911
196 976 8869
197 260 3640
197 277 2585
197 515 8501
197 571 309
197 572 6143
197 613 1398
197 705 5707
197 714 1667
197 996 6460
198 202 5184
198 441 4325
198 515 3306
198 523 7477
198 692 7117
198 803 5569
198 917 5447
198 945 668
198 979 8858
199 294 4111
199 331 8917
199 542 8252
199 603 2539
199 625 638
199 730 4407
199 983 4675
200 225 1358
200 338 6511
200 638 8617
200 694 1832
200 903 6340
201 264 4376
201 412 897
201 534 8499
201 722 7578
201 770 6880
201 789 4908
201 822 4917
202 241 4641
202 294 3987
202 425 6778
202 695 3037
202 724 4661
202 807 6740
202 828 8969
202 901 6227
202 916 6483
202 950 2040
202 956 4506
203 395 6243
203 716 704
203 718 7663
203 761 7955
203 888 5908
203 903 5185
203 906 6534
204 206 218
204 235 665
204 237 2608
204 287 8583
204 367 2638
204 529 3228
204 586 631
204 725 875
204 790 3219
204 851 3476
204 877 7238
204 959 3241
205 341 4696
205 724 4662
205 821 2196
205 827 4978
205 859 8649
205 935 3282
206 217 1171
206 260 488
206 304 5236
206 328 5907
206 375 8578
206 581 3721
206 811 6479
206 826 7229
207 262 8305
207 499 4740
207 562 1466
207 608 2357
207 812 1000
207 989 8102
208 325 2244
208 418 6657
208 709 2142
209 262 769
209 514 2981
209 608 3962
209 648 2130
209 870 8092
209 931 4975
210 225 4701
210 237 8558
210 348 8715
210 414 7956
210 524 2381
210 541 2463
210 606 1882
210 737 4810
210 778 8573
210 962 5441
211 309 4727
211 443 8271
211 458 6671
211 469 3625
211 583 3989
211 616 3390
211 681 6086
211 841 8639
212 319 5496
212 513 6954
212 623 2902
212 643 7980
212 830 600
213 288 3114
213 420 3768
213 465 1324
213 711 7826
213 782 7716
213 859 6369
213 890 3220
214 228 3925
214 374 2950
214 652 548
214 665 6224
214 711 2670
214 734 2090
214 745 3789
214 851 8598
214 860 332
215 314 7375
215 325 8957
215 337 7947
215 377 6061
215 414 3674
215 591 418
215 681 299
215 871 6978
215 995 3431
216 301 1215
216 429 5748
216 474 6730
216 520 3473
216 916 942
216 986 8542
217 224 8750
217 345 898
217 560 1461
217 577 6655
217 680 7499
217 953 3977
217 994 6493
218 231 1505
218 252 8862
218 347 4747
218 459 6750
218 505 4749
218 549 7241
218 550 3261
218 626 6328
218 876 7988
218 908 6120
218 922 4945
219 340 7811
219 462 5330
219 503 8095
219 553 7921
219 564 5818
219 595 6708
219 603 4626
219 627 3775
219 640 868
219 835 3839
219 853 6638
219 878 1273
219 956 8138
219 972 2914
219 996 1162
220 225 3989
220 303 2586
220 331 6332
220 364 7587
220 383 8366
220 395 275
220 436 3272
220 615 7538
220 955 3734
221 355 6984
221 543 8619
221 634 8621
221 806 2108
221 834 5388
221 972 952
222 448 5276
222 551 5857
222 623 433
222 645 7330
222 673 7024
222 867 604
222 870 2373
223 309 520
223 454 1272
223 662 5230
223 701 2682
223 791 657
223 815 4304
223 930 2977
223 964 3705
224 270 3221
224 327 2627
224 391 8083
224 473 5120
224 474 6158
224 510 1994
224 543 5462
224 559 2685
224 574 6581
224 576 7477
224 635 3215
224 795 3410
225 227 3294
225 337 7928
225 433 4373
225 456 4643
225 485 3219
225 589 4703
225 695 2996
225 827 6028
225 986 7952
226 350 2274
226 464 8726
226 494 2063
226 884 2529
227 238 2203
227 247 6068
227 355 5764
227 374 8196
227 455 1170
227 553 8709
227 612 5285
227 756 7009
227 926 4202
227 982 8020
227 992 4453
228 257 2027
228 668 8889
228 733 4927
228 739 5970
228 747 4090
228 794 340
228 814 6119
228 849 3820
228 965 5584
229 304 255
229 314 5108
229 381 7569
229 613 1193
229 671 5074
229 692 1960
230 461 1212
230 887 5679
231 346 4587
231 401 2434
231 425 2526
231 471 8903
231 482 5429
231 523 7947
231 548 6878
231 556 7191
231 841 4282
232 348 6403
232 617 5271
232 677 6237
232 805 7158
232 989 6258
233 353 4573
233 366 1477
233 512 269
233 598 2259
233 866 1768
233 883 5952
233 895 7079
233 974 8191
234 277 863
234 347 1493
234 429 1056
234 496 1674
234 527 4335
234 589 7306
234 682 3098
234 859 5705
234 899 3485
235 270 8844
235 468 5273
235 533 8281
235 612 438
235 621 5758
235 743 3384
235 984 8972
236 250 3370
236 266 8646
236 343 6472
236 457 4989
236 566 5444
236 655 1754
236 728 6126
236 730 5989
236 958 4641
237 356 1203
237 468 2680
237 515 4062
237 550 3253
237 708 235
237 816 400
237 875 8909
238 387 165
238 527 7840
238 583 3506
238 612 1646
238 787 6061
238 839 3977
239 313 7251
239 351 1083
239 401 2645
239 756 8265
239 761 1368
239 911 7087
239 937 6471
240 271 3962
240 295 5344
240 407 8452
240 467 2190
240 563 8778
240 595 8351
240 631 7666
240 632 4699
240 659 3484
240 743 870
240 744 3915
240 774 7701
240 824 1562
241 287 6446
241 322 6287
241 404 5060
241 539 766
241 892 8519
241 897 8057
241 947 4808
241 966 3998
242 391 8683
242 734 2143
242 785 1351
242 791 4655
242 806 2952
242 936 1002
242 955 4949
243 412 8678
243 480 7479
243 498 6861
243 701 5717
243 930 766
243 995 6780
244 244 1092
244 462 2957
244 591 5406
244 787 3918
244 837 6920
244 920 1492
244 969 7519
245 664 1290
245 684 3003
245 851 3416
246 325 686
246 565 2942
246 650 2330
246 685 7675
246 766 2731
246 881 4307
247 250 2423
247 315 419
247 566 4618
247 639 2219
247 969 8560
248 370 1920
248 486 2119
248 616 1636
248 698 3236
248 776 3096
248 831 6876
248 925 789
248 949 3762
249 353 3699
249 509 8021
249 510 5785
249 628 5938
249 740 5880
249 752 2681
249 837 70
249 898 5958
250 273 826
250 400 2757
250 507 4888
250 580 3407
250 672 6678
251 292 8427
251 341 7845
251 343 3521
251 351 6453
251 392 6290
251 440 568
251 478 1877
251 597 3052
251 608 5049
251 659 860
251 950 617
252 301 5140
252 404 1483
252 594 6669
252 696 6115
252 821 749
252 825 8317
252 847 3362
253 411 3433
253 482 5592
253 668 8653
253 699 7060
253 770 1902
253 834 2601
253 863 3888
254 404 4212
254 407 2050
254 411 6262
254 692 741
254 698 4379
254 807 1898
254 841 5527
254 896 7952
254 902 3010
255 352 1858
255 356 7447
255 397 3191
255 573 7981
255 678 4425
255 829 1596
256 325 5934
256 362 4477
256 369 8977
256 387 1153
256 448 8802
256 628 1974
256 709 4518
256 768 6046
256 892 3099
256 909 3132
256 945 4793
257 269 3263
257 302 394
257 391 2065
257 396 260
257 488 8530
257 544 3111
257 737 3735
257 899 5570
257 911 4582
257 955 6067
258 285 1978
258 412 6010
258 547 5756
258 560 2402
258 627 3009
258 654 2465
258 669 4615
258 935 2099
259 354 7229
259 377 168
259 391 5937
259 558 3362
259 564 7798
259 634 6482
259 672 6276
259 688 432
260 391 3743
260 591 4309
260 783 2116
260 942 4000
261 279 3085
261 454 7909
261 463 8120
261 543 4073
261 559 3806
261 564 2278
261 690 3510
261 788 5314
261 796 741
261 855 1816
261 999 8631
262 505 2579
262 513 6302
262 654 7273
262 677 2764
262 683 8565
262 731 7985
263 314 5763
263 435 5752
263 591 7846
263 606 3437
263 726 1199
263 989 6413
264 349 8700
264 480 1840
264 511 1752
264 852 5644
264 856 8721
264 990 4490
265 279 8973
265 405 8201
265 735 7517
266 455 7373
266 465 6
266 466 1659
266 746 5957
266 771 533
266 941 1026
266 945 724
267 314 6285
267 345 1905
267 680 4524
267 709 8460
267 881 8126
267 955 3947
268 322 5414
268 391 8162
268 511 6854
268 565 5505
268 665 1509
268 793 1281
268 811 8730
268 874 1673
268 895 3800
268 953 8675
269 279 2138
269 287 1356
269 320 3124
269 323 5823
269 376 2794
269 402 3406
269 446 6422
269 479 2819
269 657 1901
269 869 8802
269 912 8602
270 368 1943
270 417 148
270 683 8652
270 748 1413
270 772 5643
270 926 6999
271 360 5918
271 384 8996
271 420 7983
271 473 1534
271 567 5470
271 609 365
271 999 4548
272 342 3550
272 412 6145
272 685 6876
272 928 8151
272 947 7899
272 975 8396
273 281 8730
273 675 3739
273 741 7905
273 880 5819
274 465 2882
274 471 2374
274 479 1749
274 513 1991
274 530 2566
274 635 7296
274 847 5031
274 892 7588
274 901 8477
274 991 567
275 288 2008
275 303 7086
275 471 3991
275 520 132
275 630 4423
275 794 1430
275 897 7870
275 980 8949
276 331 2351
276 393 2946
276 552 7126
276 806 2479
276 826 5492
276 933 611
277 295 4635
277 336 7893
277 374 6870
277 482 742
277 630 391
277 663 6658
277 893 355
277 929 1271
277 931 1561
278 405 5388
278 472 3120
278 498 8998
278 548 1520
278 788 6915
279 362 4078
279 395 8722
279 517 3027
279 533 313
279 577 6085
279 832 1854
279 882 8077
280 285 7329
280 410 2951
280 442 5574
280 463 5867
280 475 5140
280 480 1402
280 562 57
280 567 3469
280 697 7608
280 763 7467
281 409 6553
281 539 6939
281 912 5086
281 994 950
282 771 2145
282 837 6874
282 884 1636
282 944 4068
283 335 4217
283 337 1679
283 379 8494
283 501 5309
283 588 8054
283 606 4081
283 644 1893
283 828 4804
284 342 4110
284 439 2867
284 513 4137
284 689 504
284 777 4533
285 331 8762
285 405 6852
285 412 8610
285 427 7181
285 584 2670
285 793 6339
285 838 4957
285 882 8732
285 906 1393
286 323 4021
286 342 1431
286 428 691
286 719 4437
286 739 2275
286 796 641
286 936 6091
286 976 8351
287 539 5028
287 663 6574
287 775 5471
287 794 4369
287 860 7954
287 949 1160
287 998 7830
288 490 3798
288 512 2021
288 606 7304
288 708 7826
288 719 813
288 755 2493
288 818 3524
288 883 1810
288 939 5996
289 624 3272
289 646 7613
289 727 5262
289 780 3014
289 800 4509
289 856 5100
290 382 4709
290 431 8503
290 503 5125
290 550 4058
290 563 5020
290 665 8086
290 666 6055
290 778 8676
291 308 8562
291 413 6123
291 513 420
291 542 1893
291 695 2794
291 807 6330
291 953 2446
291 961 5276
291 987 6196
292 378 7511
292 386 7109
292 466 8657
292 555 2591
292 564 7926
292 611 951
292 637 6185
292 743 7664
292 792 2203
292 832 7048
292 890 5094
292 917 3473
293 310 6571
293 537 8411
293 618 3597
293 656 7063
293 777 3428
294 389 4041
294 455 3316
294 940 8301
294 953 8111
294 962 4123
295 368 6879
295 435 4065
295 529 285
295 609 8499
295 930 1267
295 936 1588
296 437 8775
296 664 2249
296 715 4145
296 784 2363
296 785 1881
296 841 1245
296 977 5185
297 431 1540
297 444 6539
297 654 5044
297 697 661
297 731 6992
297 741 2272
297 860 8351
297 863 4107
297 992 2376
298 318 826
298 372 7697
298 450 5610
298 481 1110
298 692 3230
298 884 688
299 424 1049
299 583 5881
299 674 7388
299 685 8424
299 687 492
299 707 8745
299 880 8085
299 886 8831
299 897 3902
299 978 2185
300 358 701
300 568 4305
300 592 7045
300 756 5753
300 911 2917
300 919 7169
301 351 7255
301 465 4281
301 601 3881
301 647 8823
301 737 6190
301 826 6685
301 972 1707
301 977 3323
302 508 4410
302 780 2407
303 386 1285
303 658 416
303 661 6615
303 717 111
303 856 5310
303 920 2625
303 929 1807
304 326 3336
304 328 5583
304 728 5952
304 843 2000
305 736 5887
305 737 4500
305 841 508
305 900 951
305 984 3929
306 334 7484
306 351 5286
306 473 4921
306 645 2609
306 686 133
306 709 6930
306 713 8060
306 828 7176
306 859 44
306 987 6509
307 413 1979
307 585 5869
307 621 1900
307 806 2514
308 425 7104
308 481 3618
308 487 5791
308 632 7564
308 714 6824
308 882 8961
309 390 943
309 533 4999
309 692 4239
309 716 6127
309 722 6232
309 750 3333
309 794 4908
309 976 4198
310 512 1015
310 550 2230
310 881 6238
310 923 3130
311 375 6993
311 488 3582
311 718 1736
311 844 795
311 857 7698
311 899 578
311 938 8899
311 963 8258
312 333 275
312 393 8871
312 507 1948
312 605 412
312 639 5880
312 880 8202
312 969 4770
312 979 6589
313 556 8885
313 571 6887
313 612 2763
313 743 6645
313 961 1359
314 369 1858
314 416 5647
314 794 5210
314 824 8423
314 854 7789
314 932 6992
315 319 6380
315 369 6680
315 385 7415
315 518 4325
315 689 5624
315 934 7371
315 986 2073
316 369 4015
316 535 1759
316 755 5393
317 422 7392
317 455 1823
317 522 6030
317 582 800
317 627 7440
317 807 4146
318 342 980
318 358 3767
318 408 2651
318 476 3211
318 956 5813
318 996 2968
319 419 3735
319 425 5587
319 541 7836
319 753 6893
319 948 1918
320 422 2730
320 441 3002
320 499 6924
320 506 7694
320 665 149
320 733 1082
320 751 3543
320 883 3459
320 927 4187
321 499 6588
321 620 2272
321 743 6838
321 790 3363
321 810 2925
321 909 3276
321 921 7443
322 380 1417
322 692 3907
322 718 3497
322 783 2458
322 914 2684
322 947 65
323 417 549
323 436 218
323 552 6207
323 558 4409
323 632 581
323 748 6926
323 792 6968
324 452 8244
324 481 5883
324 583 2255
324 878 748
324 977 3226
325 332 3868
325 368 3222
325 373 1696
325 529 6923
325 638 8918
325 656 6246
325 720 4030
325 734 8017
325 773 6871
325 778 6438
325 788 6479
326 381 8501
326 611 2029
326 614 2578
326 627 81
326 638 7654
326 689 1702
326 703 5261
326 723 5582
327 337 5872
327 482 4624
327 527 1148
327 576 8831
327 627 516
327 744 2063
327 759 7994
327 987 5607
328 336 2753
328 433 7024
328 459 1975
328 733 2821
329 348 3611
329 482 5747
329 563 5696
329 565 3052
329 588 2046
329 655 461
330 403 5236
330 417 3372
330 426 3405
330 522 2069
330 560 1685
330 706 816
330 780 1457
330 882 295
331 566 6744
331 715 3229
331 742 6494
331 799 3398
331 811 6867
331 826 5833
331 945 7018
331 999 3517
332 397 3468
332 423 8336
332 626 2259
332 911 562
332 963 8760
333 503 155
333 606 5852
333 620 460
333 645 7023
333 782 6966
333 783 6672
334 384 2275
334 387 2778
334 444 3384
334 546 3274
334 574 4774
334 576 5740
334 600 4350
334 920 4664
334 957 2269
335 443 6071
335 460 5295
335 770 5812
335 931 5259
336 357 7365
336 537 6422
336 626 1610
337 853 434
337 914 4188
337 982 2301
338 446 4620
338 547 3247
338 670 2005
338 915 2704
338 971 4472
339 436 6281
339 575 3544
339 608 1626
339 646 2256
339 712 6099
339 740 71
339 905 3144
339 959 7804
340 397 8267
340 415 7018
340 638 6718
340 649 1514
340 686 4586
340 867 5347
341 399 1824
341 473 8009
341 622 1406
341 658 3651
341 671 7023
341 710 976
341 719 2827
341 734 2112
341 758 6416
341 797 4135
342 405 913
342 615 6046
342 660 2228
342 771 4443
343 383 7352
343 429 2814
343 594 2409
343 713 1642
343 820 517
343 832 8667
343 963 7784
343 981 7279
344 425 8093
344 648 148
344 689 5976
344 723 5747
344 738 2496
344 798 8816
344 881 1624
345 401 336
345 597 5561
345 961 8793
345 978 4334
346 485 3375
346 496 2668
346 569 7396
346 599 6485
346 658 6821
346 726 7899
346 826 5478
346 856 874
346 861 7591
346 904 7450
347 358 4591
347 429 3858
347 505 7595
347 513 5715
347 576 459
347 580 7712
347 643 2393
347 677 2137
347 750 4800
347 848 5857
347 896 1282
347 930 5243
348 544 8031
348 709 8236
348 890 1420
348 896 1116
348 955 8529
349 443 1508
349 523 8034
349 663 2291
349 674 3689
349 721 1534
349 846 394
349 913 5499
350 440 5145
350 633 8354
350 789 7061
350 957 5190
350 998 3696
351 395 6614
351 404 4235
351 483 1031
351 582 495
351 618 4076
351 642 7092
351 967 6393
352 370 5805
352 490 2360
352 540 4224
352 552 2377
352 557 1666
352 559 7789
352 626 8486
352 728 1305
352 756 7859
352 770 545
352 802 4083
352 938 5774
353 424 6363
353 524 4276
353 655 7457
353 662 1121
353 903 6570
354 372 5434
354 379 8859
354 541 6617
354 565 840
354 602 2893
354 841 1933
354 845 4972
354 866 4903
355 481 237
355 863 4562
355 931 1439
356 416 4671
356 512 3600
356 694 6068
356 704 7481
356 714 6402
356 820 7799
357 511 5066
357 606 6204
357 709 40
357 747 7514
357 859 5675
357 953 2775
358 425 4962
358 449 5810
358 466 2614
358 483 7008
358 617 502
358 817 7643
358 835 4154
358 879 2002
359 437 3817
359 490 5306
359 589 356
359 591 6659
359 652 8047
359 845 6582
359 952 7834
359 972 6042
360 375 4756
360 629 3483
360 683 6974
360 685 4126
360 690 7252
360 753 7059
360 831 4279
360 901 218
361 385 7009
361 391 3881
361 571 2185
361 877 3247
361 910 8180
362 366 2179
362 372 2766
362 396 1296
362 397 5825
362 470 5545
362 586 7566
362 686 3181
362 756 3306
362 792 7735
362 807 5368
362 966 690
363 547 636
363 636 2443
363 803 2794
364 410 6765
364 431 6913
364 700 8217
364 769 1162
364 848 5409
365 478 8110
365 518 5627
365 649 8829
365 756 487
366 389 1354
366 485 594
366 556 1404
367 380 6321
367 531 1443
367 571 7789
367 583 3420
367 787 6860
367 926 7155
367 968 3813
368 380 322
368 588 3032
369 586 4375
369 698 6240
369 726 5509
369 857 2008
370 513 3083
370 558 6322
370 731 5162
370 857 1936
370 930 1181
370 960 7610
371 545 1782
371 615 5100
371 623 2096
371 758 8549
371 811 3155
371 858 3925
372 378 1887
372 468 1573
372 516 3774
372 551 1884
372 665 7438
372 859 8641
372 869 1063
372 956 7966
373 422 6309
373 529 5552
373 599 4222
373 617 2623
373 727 8815
373 917 2689
374 393 8412
374 430 6015
374 445 8813
374 520 7182
374 594 4716
374 929 6672
374 985 214
375 393 8608
375 435 2013
375 443 7078
375 463 606
375 538 5677
375 544 5420
375 658 863
375 824 2567
376 552 3319
376 620 7878
376 989 4496
377 494 3422
377 620 580
377 695 8441
377 721 2716
377 753 2642
377 814 803
377 835 46
378 481 2520
378 498 166
378 506 8086
378 513 803
378 967 2076
378 970 7855
379 419 7948
379 663 4505
379 715 3437
379 869 3351
380 442 6079
380 450 7248
380 511 7886
380 618 3536
380 712 8664
380 776 4660
380 871 5835
380 927 1626
381 403 7220
381 436 1120
381 463 7160
381 553 281
381 582 518
381 648 5730
381 700 492
381 769 5540
381 859 4362
381 901 1626
382 437 4335
382 504 1814
382 630 3247
382 962 1635
383 492 152
383 532 7874
383 679 1771
383 725 2636
383 735 2628
383 811 1269
383 965 8046
383 974 2341
384 422 6415
384 521 7809
384 671 5929
384 706 164
384 799 8958
385 465 4184
385 547 3143
385 609 7896
385 680 5108
385 688 3077
385 763 5053
385 797 5561
385 827 3822
385 847 5240
385 914 2512
385 968 8975
386 410 1460
386 446 2829
386 464 8240
386 523 6791
386 551 6310
386 622 7839
386 649 2637
386 764 4616
386 891 446
386 946 7054
387 436 6059
387 548 6038
387 650 2705
387 840 4709
387 948 8165
387 997 5609
388 673 8934
388 745 7761
388 778 8252
388 813 7482
389 451 4660
389 482 1082
389 521 2319
389 821 3002
390 391 4229
390 482 7303
390 520 7266
390 576 962
390 594 7327
390 648 5465
390 737 6680
390 738 570
390 751 938
390 783 3144
390 811 8156
390 841 4240
390 871 2549
391 428 3024
391 523 2237
391 579 4180
391 708 6516
391 739 8980
391 858 88
391 866 5925
391 915 3021
391 982 68
392 495 2404
392 501 1295
392 733 5035
392 813 6762
392 914 2430
393 715 1692
393 802 5257
393 857 6861
393 868 7670
393 995 6297
394 421 7190
394 493 4916
394 815 7455
394 950 2257
395 444 1441
395 453 8496
395 577 3431
395 609 6947
395 734 575
395 752 1397
395 804 5449
395 811 7914
395 872 6846
396 495 8827
396 513 2069
396 695 316
396 701 6492
396 888 2382
397 470 4568
397 512 1584
397 525 1466
397 911 4288
397 923 8460
398 487 4515
398 533 1372
398 582 994
398 596 5673
398 600 3730
398 732 6404
398 823 6089
398 985 92
399 588 4835
399 723 1149
399 865 4267
400 491 8289
400 575 6862
400 809 1326
400 875 2407
400 886 8916
401 544 2804
401 678 1999
401 715 2135
401 798 3960
401 826 4734
401 945 8221
402 615 1025
402 642 4330
402 876 4460
402 906 4606
403 501 5987
403 524 1578
403 635 274
403 686 6539
403 697 8318
403 836 1985
404 442 5775
404 682 848
405 440 6415
405 672 5004
405 766 295
405 926 1960
405 977 1949
406 478 1699
406 503 2033
406 632 4838
406 755 1838
406 918 1686
406 950 4377
407 416 4239
407 456 2806
407 549 6602
407 785 8614
407 923 4043
407 944 4205
407 946 8038
408 435 2754
408 552 5095
408 781 3015
408 828 3839
408 973 8707
409 570 3175
409 578 5701
409 598 4551
409 774 7011
409 818 5192
409 825 8770
409 852 2113
409 902 6592
409 981 5341
409 987 1076
410 689 5877
410 697 3605
410 738 3454
410 787 6063
410 793 2887
411 428 2165
411 452 4880
411 549 3527
411 612 4043
411 742 4605
411 793 4063
411 826 506
411 894 5428
412 459 8314
412 597 1451
412 637 7069
412 650 3445
412 699 8280
412 773 6049
413 472 6042
413 502 4555
413 575 40
413 643 543
413 664 2145
413 697 7813
413 742 5972
413 746 4812
413 756 4617
413 998 4028
414 417 626
414 604 2431
414 665 7837
414 852 3608
414 880 2714
414 905 8450
415 512 7031
415 594 7708
415 657 4266
415 723 6855
415 888 8837
416 419 4369
416 489 5467
416 956 5638
416 995 8799
417 474 8568
417 672 6819
417 787 7590
417 790 5893
417 902 4329
417 948 3107
418 427 5433
418 644 5970
418 951 8212
419 473 7024
419 523 1881
419 583 8080
419 605 5378
419 615 5251
419 980 742
420 432 8183
420 695 1382
420 883 1136
420 929 2844
421 434 8961
421 495 4396
421 580 4462
421 659 6831
421 737 7538
422 853 8429
422 869 7824
422 894 3729
422 936 3419
423 499 8523
423 511 1607
423 553 6821
424 796 5237
424 900 3564
424 937 5697
424 976 2334
424 988 6268
425 551 2092
425 580 3312
425 686 6451
425 710 2691
425 737 5567
425 787 341
425 841 6489
425 866 1259
425 908 6273
426 494 6340
426 572 3287
426 895 3422
427 438 6623
427 452 500
427 565 7686
427 710 7984
427 803 4519
427 833 2994
427 978 2709
427 985 2144
428 431 6201
428 439 7130
428 653 113
428 736 5136
428 814 4945
428 939 8469
428 942 5167
429 851 4664
430 614 7116
430 670 3574
430 690 4052
430 712 2582
430 825 3257
431 453 8948
431 543 7271
431 582 1305
431 712 8821
431 852 4203
431 856 620
431 973 309
432 446 5287
432 454 8073
432 534 2264
432 763 1386
432 901 8904
432 938 7419
432 982 647
433 486 838
433 634 677
433 775 5420
434 627 8378
434 733 32
434 736 2187
434 797 8195
434 907 1655
434 926 5866
435 544 3619
435 608 2344
435 725 7076
435 729 734
435 774 2331
435 780 8042
435 924 325
435 949 2330
436 671 6799
436 843 6755
436 916 3303
437 493 5599
437 763 7807
437 765 8126
437 784 961
438 471 4647
438 519 3242
438 555 2156
438 591 7610
438 706 2591
438 713 3142
438 808 1568
438 865 1227
438 913 4037
438 974 4764
439 492 8567
439 552 3410
439 589 1445
439 665 4537
439 814 3787
439 831 1619
439 944 2319
439 985 4
440 469 5062
440 507 8569
440 547 3074
440 550 4466
440 614 1547
440 622 3526
440 812 8079
441 565 8720
441 774 201
441 847 5480
441 877 1639
441 958 6503
441 987 2799
441 989 4958
442 516 7335
442 661 3924
442 717 1326
442 737 6146
442 799 6262
442 907 7191
442 938 4442
442 952 5211
443 515 5275
443 586 968
443 657 4054
443 965 2390
443 978 728
444 491 5615
444 687 4149
444 763 1441
444 972 1171
445 725 3005
445 820 5112
445 840 8574
445 864 666
445 914 8682
445 968 8826
446 550 6263
446 699 3582
446 733 8725
446 776 6824
446 792 1882
446 894 196
446 945 868
446 972 6327
447 671 2280
447 809 5134
448 488 6740
448 490 1572
448 581 7041
448 782 5671
448 876 1358
448 900 8062
448 929 1972
448 958 5772
448 999 4548
449 473 3007
449 474 813
449 507 6262
449 546 2384
449 690 4929
449 732 1801
449 852 1777
449 881 4767
449 901 7209
449 942 2392
449 943 7898
449 987 2512
450 452 3264
450 476 4156
450 530 4027
450 555 7590
450 564 2603
450 750 6208
450 966 8326
450 986 880
451 525 6420
451 894 5739
452 473 4116
452 842 1520
452 868 5690
452 907 1708
452 946 6420
452 994 7517
453 465 8310
453 475 3700
453 557 933
453 950 2271
454 468 6735
454 540 8098
454 657 1591
454 674 5695
454 772 8443
454 876 5549
454 902 2080
455 614 942
455 755 3189
455 780 6343
455 903 6500
455 985 6864
456 666 1244
457 458 7993
457 632 459
457 675 7179
457 815 531
457 844 3679
458 542 1192
458 559 2798
458 575 8714
458 593 2808
458 660 8105
458 916 701
458 922 2140
459 472 3783
459 480 4158
459 621 384
459 733 8121
459 906 630
459 992 443
460 578 5133
460 659 4818
460 775 2382
460 866 1606
461 624 6612
461 670 6169
461 725 6097
461 844 1596
462 709 5427
462 769 667
462 824 308
462 857 1378
462 881 1425
463 499 3848
463 554 1307
463 878 629
463 947 4744
463 949 5303
463 963 133
464 484 5231
464 514 7277
464 652 4366
464 773 4341
464 792 1354
464 816 442
464 859 8879
464 916 662
465 532 1521
465 909 1491
465 939 4954
465 991 7950
466 568 1010
466 718 4720
466 728 588
466 925 4772
467 511 161
467 606 8611
467 803 7627
467 829 3889
467 948 8770
469 522 1897
469 574 3674
469 735 7979
469 791 2412
469 873 4280
469 970 31
470 485 7714
470 606 1465
470 908 4902
471 496 5965
471 777 19
471 803 7821
471 819 2262
472 481 1098
472 525 599
472 567 7866
472 571 3628
472 626 1754
472 679 564
472 754 599
472 805 6020
472 841 2448
472 967 5609
473 489 6630
473 864 1385
473 897 7667
473 912 1527
473 994 2151
474 587 6954
474 599 795
474 764 2674
474 783 3681
474 860 7966
474 865 6001
474 936 7701
474 965 4946
474 995 1804
475 664 8538
475 750 7031
475 813 1142
475 853 7785
476 612 2596
476 723 1436
476 786 1570
476 842 4459
476 888 6571
476 923 6662
476 945 3762
476 959 4666
477 578 7387
477 750 5576
477 895 8322
477 963 2319
477 968 1033
478 500 8379
478 538 5519
478 639 534
478 662 2420
478 948 8753
478 964 2847
479 627 7222
479 688 3489
479 751 753
479 895 6226
480 517 3761
480 578 3551
480 808 2293
480 932 5306
481 553 1550
481 788 1100
481 833 5577
482 597 8832
482 604 5082
482 718 1283
482 727 4492
483 670 2535
483 932 7657
483 955 6674
483 966 4113
484 792 1936
484 807 3976
484 821 2692
484 822 5321
484 949 3225
485 556 8300
485 588 1182
485 729 6725
485 765 6552
485 876 6767
485 917 8259
486 755 658
486 898 6592
486 991 6651
487 513 7079
487 555 8447
487 557 4309
487 576 8580
487 899 8332
487 951 8495
488 729 7936
488 768 1572
488 957 7399
489 575 2423
489 854 3105
489 869 6141
489 908 6784
489 927 5811
489 943 130
490 535 4019
490 600 6218
490 630 5450
490 720 1632
490 813 6292
491 494 7310
491 724 8146
491 838 5871
492 561 5672
492 659 2025
492 694 6375
492 734 2042
492 798 1236
493 528 338
493 554 4113
493 794 5251
493 804 6157
493 869 5583
493 906 7080
494 520 227
494 720 8325
494 786 1686
495 679 5634
495 689 8254
495 705 878
495 808 4852
495 855 6385
495 877 7239
495 925 8012
495 946 5803
495 957 7215
495 996 3134
496 935 5285
496 970 8712
497 508 4950
497 613 6679
497 633 7884
497 648 2481
497 698 7406
497 857 6363
497 953 3028
497 955 1653
498 527 1177
498 599 5884
498 629 1257
498 657 7840
498 854 6786
498 870 5323
498 909 1178
499 696 6380
499 706 929
499 716 458
499 768 7527
500 567 4940
500 704 2164
500 733 8444
500 800 3435
500 834 7954
500 837 4468
501 753 2441
501 798 2468
501 895 7423
502 543 4636
502 742 3594
502 851 6873
502 942 7606
502 981 985
503 550 881
503 651 938
503 736 4333
504 653 2261
504 751 3750
504 813 2082
504 903 3704
504 960 4326
504 997 2997
505 527 3074
505 676 3717
506 747 6215
506 957 1990
507 515 1913
507 542 6571
507 586 2393
507 721 3591
507 779 5534
507 845 3662
507 905 7097
508 517 6908
508 574 4012
508 595 2133
508 998 7090
509 540 4674
509 685 6063
509 819 8513
509 887 4748
509 993 3740
510 534 6154
510 546 7634
510 557 3854
510 837 593
510 871 8074
511 738 3077
511 805 7543
511 899 928
511 945 5519
512 741 8532
512 977 7557
512 985 5857
513 634 1737
513 644 7139
513 738 4499
513 812 1165
513 857 4332
513 979 1377
514 538 6453
514 572 2879
514 662 4771
514 929 7011
515 551 2261
515 591 6448
515 845 4027
515 913 8191
515 957 8231
515 962 8134
515 984 1850
516 733 2935
516 742 4678
516 820 8474
516 846 7386
516 890 1858
516 932 4190
517 592 561
517 645 4891
517 776 1289
517 824 5440
517 844 1627
518 531 7216
518 571 3233
519 540 6239
519 576 866
519 640 7080
519 773 7413
519 867 6784
520 684 4205
520 765 7689
520 797 8351
520 817 8464
521 686 7197
521 718 2259
521 757 7684
521 851 7639
522 592 3173
522 912 773
522 940 2679
523 579 3932
523 589 2713
523 808 413
523 898 2352
524 546 8
524 561 2851
524 736 4335
524 840 3913
524 917 8695
525 555 6528
525 557 4558
525 562 3295
525 588 908
525 733 2645
525 930 1588
526 539 6611
526 664 8191
526 724 8662
526 789 332
526 810 752
526 905 2868
526 924 2865
526 931 5872
527 536 4608
527 583 4367
527 601 6482
527 783 3948
527 870 8799
527 950 1560
528 610 834
528 814 6709
529 587 2684
529 597 1802
529 630 2943
529 681 4870
529 829 5215
529 949 7941
529 962 6841
530 736 7123
530 842 632
530 854 3762
530 879 1024
531 648 963
531 730 4582
531 802 2149
531 803 948
531 822 3120
532 598 6214
532 692 3733
532 924 2799
532 962 5958
533 579 8956
533 835 1093
533 879 2640
533 914 1224
533 934 642
533 963 482
533 978 2565
534 566 6527
534 571 1791
534 709 6350
534 734 6866
534 926 7178
535 616 2687
535 646 1471
535 844 2745
535 943 6813
535 945 1891
536 539 543
536 549 7728
536 622 663
536 650 5772
536 846 194
536 868 7755
536 888 6070
536 912 1237
536 959 3628
537 714 2650
537 768 2521
537 845 3493
537 894 7348
537 956 6567
538 596 3027
538 758 909
538 763 1012
538 818 7842
538 831 3382
539 611 8902
539 892 6666
539 944 8150
540 541 742
540 645 6334
540 692 6543
540 699 2560
541 790 3714
541 881 8201
542 706 4010
542 734 1242
542 776 3600
542 964 2628
543 637 1843
543 860 2854
543 868 8438
543 968 5208
543 977 8503
544 591 1087
544 620 8203
544 766 8157
544 833 6455
545 587 6254
545 978 5413
546 750 3408
546 819 1643
546 914 7882
546 995 8286
547 581 5107
547 665 1887
547 674 630
547 711 2271
547 767 2407
548 590 2388
548 774 6121
548 938 3674
548 975 6431
549 605 4764
549 670 5018
549 919 7835
550 565 6641
550 646 7172
550 776 6766
550 785 2102
550 948 8962
550 980 8488
551 675 7823
551 823 7142
551 830 4669
551 958 183
552 687 7753
552 791 5042
552 984 3123
553 568 5736
553 694 2137
553 708 7550
553 716 1524
553 748 5276
553 780 6377
553 788 8173
553 853 5870
553 920 3907
554 759 5592
554 764 5893
554 883 6834
554 910 4927
554 939 7306
554 976 7785
555 659 736
555 708 7379
555 874 7595
556 725 4930
556 810 7097
556 942 2840
557 586 6211
557 629 8550
557 733 7400
557 857 8806
557 912 63
557 998 7929
558 586 6840
558 610 3944
558 632 7516
558 681 6433
558 818 2070
558 827 6700
558 868 2883
558 961 6279
559 583 6983
559 660 2711
559 787 2285
560 680 189
561 587 899
561 639 124
561 740 6669
561 846 4927
561 871 3799
561 958 5109
562 582 636
562 898 5084
563 638 5668
563 689 5597
563 838 3491
563 872 6644
563 942 4044
564 598 2829
564 696 6597
564 717 5897
564 909 1740
564 927 2368
565 575 8011
565 772 4547
565 848 2138
565 909 4591
566 695 5953
566 706 4844
566 734 3277
566 857 2455
566 923 2466
566 944 3178
566 991 621
567 717 5011
567 766 5879
567 787 3705
568 674 3167
568 726 4318
568 786 2375
568 818 7898
568 954 8051
568 972 6325
569 729 2315
569 739 8017
569 819 8406
569 872 5
569 888 3401
570 572 511
570 601 1363
570 658 5048
570 659 4081
570 698 3868
570 880 2475
570 924 6662
570 958 4837
571 691 6617
572 575 2433
572 625 7059
572 733 903
572 849 5421
572 873 4801
573 672 2015
573 708 133
573 970 6341
574 718 8696
574 768 740
574 846 466
575 769 7573
576 783 2509
576 901 2394
577 647 4626
577 710 7331
577 933 1684
578 658 5039
578 827 572
579 652 1736
579 772 559
580 623 3703
580 675 2126
580 950 393
581 736 8424
581 858 3948
581 968 1101
582 795 3943
582 969 6414
583 822 6660
583 897 3728
583 994 1547
584 594 6228
584 711 4184
584 772 7271
584 788 8126
584 833 2108
584 935 8307
584 964 3144
584 969 476
584 970 1513
585 604 6702
585 632 5467
585 833 7558
586 597 964
586 650 5558
586 691 3295
586 695 783
586 740 7078
586 776 7746
586 800 6117
586 830 3892
586 942 1135
586 945 1188
587 840 3914
587 924 6017
588 681 6243
588 704 6062
588 781 5502
588 926 2220
588 941 4854
589 648 5541
589 651 2666
589 860 5664
589 951 2813
589 980 7750
590 673 4962
590 694 230
590 728 2615
590 742 4333
590 836 7227
590 954 2805
591 604 5799
591 610 3061
591 773 6779
591 815 2112
591 872 695
591 878 1339
592 763 200
592 885 5077
593 639 4097
593 654 6653
593 660 6132
593 715 8848
593 858 3508
594 643 6705
594 660 4915
594 777 8817
594 850 3421
594 903 4725
595 726 5672
595 767 3676
595 772 5209
595 806 6500
596 641 4174
596 664 7974
596 795 2118
597 643 7753
597 733 8169
597 756 4175
597 762 5808
597 802 5551
597 876 3644
597 980 2811
598 669 1805
598 708 6636
598 774 5091
598 782 4806
598 882 5129
598 909 1811
599 760 1479
599 770 3639
599 835 8595
599 922 5779
599 937 6933
600 655 1527
600 717 2817
600 888 468
601 678 934
601 699 3217
601 822 3720
601 902 2848
601 969 3187
602 706 151
602 799 5988
602 832 929
602 836 65
603 612 2797
603 624 4996
603 684 5967
603 733 6409
603 773 8836
603 983 4972
604 625 6443
604 650 1884
604 744 8914
604 805 3324
604 823 1173
604 827 7836
604 960 1366
604 962 4803
605 636 3180
605 656 1746
605 669 5455
605 754 5080
605 872 1934
605 891 8241
607 757 4291
608 734 187
608 782 2206
608 940 3876
609 960 8830
610 653 7302
610 801 3127
610 810 1208
610 890 860
611 789 6839
611 877 7809
612 620 217
612 739 1932
612 784 6373
612 882 779
612 900 4959
613 815 3283
613 853 5217
613 966 8712
613 974 8898
613 987 1463
614 834 3800
614 913 8465
614 979 1682
615 644 3950
615 764 1947
615 792 1707
615 892 7703
616 653 7954
616 861 8233
616 866 2576
617 634 4032
617 794 8580
617 809 1667
617 913 5306
617 953 3720
618 621 367
618 774 2300
618 813 5889
618 843 6377
619 934 2721
619 962 85
620 665 8587
620 685 4505
620 716 8280
620 848 7648
620 936 4483
620 938 978
621 701 8184
621 837 402
621 887 6292
621 947 411
622 625 4319
622 646 5953
622 744 8415
622 746 1186
622 769 5515
622 842 646
622 850 3087
622 857 5503
622 911 541
622 931 5835
622 989 986
623 662 2607
623 822 2654
624 676 7372
624 757 796
624 841 2002
624 859 5088
625 747 5846
625 933 6468
625 988 7030
626 670 5654
626 768 2387
626 827 1347
627 661 6386
627 985 7718
627 988 8052
627 991 1607
628 829 8239
629 683 2568
629 749 589
629 777 4485
629 907 5685
629 992 7761
630 655 4168
630 775 851
630 779 7918
630 866 1129
630 901 2246
631 746 6191
631 877 5821
632 766 3260
632 967 3182
632 981 237
633 703 2001
633 859 7813
634 670 4630
635 745 510
635 997 1608
636 802 8954
636 971 8052
637 663 3045
637 685 6647
637 858 683
638 934 219
639 877 6073
639 917 8931
640 703 1220
640 750 6761
641 650 7331
641 881 376
641 983 3774
642 693 6613
642 757 6750
642 846 2663
642 870 5321
642 890 5429
643 770 1688
643 816 8237
644 658 1000
644 661 5988
644 687 5998
644 875 1114
645 713 8016
645 730 8125
645 849 5523
646 736 2288
646 793 2452
646 817 63
646 831 931
646 878 2110
647 735 5854
647 796 2163
647 802 7102
647 810 3772
647 829 372
647 837 57
647 860 697
647 887 3317
647 902 8012
648 751 559
648 762 7857
648 859 4488
649 720 1733
649 772 7063
650 708 3229
650 915 5143
651 812 4298
651 815 8542
651 882 6866
652 656 129
652 742 6935
653 779 1223
653 970 6587
653 989 6268
654 673 8554
654 712 1431
654 725 1558
654 788 4359
654 824 8373
654 831 730
655 670 6694
655 774 8320
655 803 8316
655 807 3924
655 820 712
655 912 4473
656 836 8442
656 849 6548
656 907 5687
656 952 2521
656 956 5279
657 815 6308
658 937 6848
659 669 6973
659 944 8805
660 682 8680
660 802 4319
660 810 5423
660 840 5439
660 965 325
661 721 1155
661 730 1115
661 762 4912
661 779 750
662 764 769
662 913 1348
662 958 3234
663 968 3173
664 728 2122
664 943 5848
664 952 5683
665 795 7819
665 819 6389
665 934 959
666 971 7248
667 761 4933
667 822 1246
667 838 4097
667 872 6472
668 763 2974
668 793 7203
668 915 8689
669 670 7832
669 689 5024
669 848 2967
669 919 2443
669 934 3293
671 699 8748
671 743 753
671 768 92
671 816 4351
672 783 6708
672 788 7781
672 876 4292
672 908 5202
672 960 6962
674 758 4839
674 784 583
674 880 8177
674 895 4548
674 917 1611
674 936 3257
674 972 1814
675 774 8887
676 729 7293
676 807 3995
676 833 5464
677 752 7245
677 942 3880
677 951 6426
678 715 7508
678 721 2490
678 774 5622
678 795 564
679 816 3353
679 900 1845
679 901 842
680 977 2614
681 892 8460
682 735 146
682 753 694
682 844 777
682 908 7660
682 949 7404
682 963 4015
683 739 6234
683 893 5549
683 910 6007
684 806 8417
684 906 4042
685 685 778
685 776 1484
685 795 6917
686 721 1453
686 860 2476
686 906 6608
686 973 7752
687 698 2351
687 858 1083
687 977 1707
688 806 594
689 791 148
690 756 4323
690 824 8038
690 831 4296
690 890 7342
690 911 6343
691 693 6745
691 745 154
691 796 1753
691 800 4840
691 925 6350
692 854 7766
692 899 7693
693 719 7371
694 768 313
694 811 2341
694 947 102
695 719 6315
695 992 546
696 789 1616
696 987 5856
696 990 5197
697 742 4480
697 763 5436
698 782 5297
698 941 1414
699 778 6182
700 707 8899
700 766 8270
700 778 5731
700 823 8055
701 805 8158
701 891 1344
701 892 8969
701 923 6833
701 957 8799
702 733 776
702 774 6868
702 788 5290
702 894 1268
703 738 6594
703 745 6445
703 772 2355
703 774 7756
703 883 4380
703 942 7331
704 779 6566
704 878 4032
706 778 6765
706 796 2955
706 841 2521
706 868 5912
706 902 7911
707 749 6226
707 885 8551
707 903 6079
707 970 3595
708 818 2734
708 852 6568
708 860 1263
708 941 5637
708 956 2538
708 958 8124
709 870 1511
709 909 2646
711 723 2534
711 787 7859
711 843 7200
711 918 24
711 986 5515
712 724 1342
713 826 8506
713 827 2137
714 741 1604
714 749 8256
714 840 4027
714 849 4885
715 779 2557
715 799 3144
715 814 6060
715 991 1326
716 842 8110
718 743 3392
718 854 3567
718 866 4576
718 895 6265
719 893 2095
720 730 7631
720 774 2305
720 800 8049
720 832 1039
721 784 8126
721 807 2053
721 894 2926
721 966 1206
722 765 4404
722 847 2315
722 902 8458
723 878 8899
723 916 1772
723 926 4850
723 931 2356
724 874 8065
725 749 120
726 738 7573
727 741 6187
727 755 980
727 786 8249
727 843 7219
728 841 1615
728 989 2409
729 771 2136
729 801 882
729 879 5052
729 898 7797
729 914 3520
729 958 5984
729 981 4493
729 988 5401
731 766 8960
731 780 4194
731 988 4412
732 758 7869
732 827 7547
732 936 2052
733 753 2167
733 850 8028
733 887 1053
733 962 7770
734 819 6582
734 935 2003
734 955 1651
734 984 8932
735 792 7504
736 843 4797
736 954 5713
736 993 5204
737 762 5115
737 768 6158
737 902 3296
738 742 3389
738 908 1749
738 976 1623
739 783 6758
739 841 2121
739 873 3990
740 922 8720
740 959 4532
741 747 5464
741 766 6295
741 862 6960
741 921 2155
742 789 5681
742 815 584
742 834 3523
743 768 7795
743 813 6510
743 865 1559
743 898 2549
744 747 4675
744 816 7856
744 853 273
745 782 5151
745 895 5607
745 898 1285
746 802 7144
746 861 1269
746 990 3894
747 747 8855
747 936 27
747 938 1585
748 794 8163
748 868 3201
748 983 7231
749 821 8005
749 965 4676
750 774 2142
750 807 2748
750 814 3515
750 843 8704
751 822 3445
751 929 6331
751 938 2891
751 958 2044
752 783 905
752 814 8239
752 911 4274
752 982 5445
752 993 7422
753 824 6944
753 864 8138
753 892 2898
754 755 5595
754 759 2442
754 789 7442
754 837 1207
754 949 1821
754 977 6506
755 913 7074
756 788 8214
756 846 4645
756 881 5998
756 938 610
756 952 8746
757 766 1722
757 775 5626
757 858 7119
758 997 7731
759 951 7877
760 776 7216
760 787 2386
761 908 7519
761 939 2129
762 941 1902
762 949 8783
762 958 8421
762 960 6488
762 978 5091
763 789 4119
763 891 2851
764 793 3950
764 967 8004
765 815 4768
765 880 5127
765 911 6607
765 966 4298
765 976 8199
766 847 7098
767 810 8267
767 943 4089
768 780 5637
768 867 5298
768 967 3102
769 809 2019
769 830 5705
769 839 5556
769 849 939
769 944 5106
771 783 6019
771 885 4057
773 848 194
774 885 7461
774 943 4786
774 990 3495
774 997 1642
775 780 3411
775 827 8190
775 862 4284
775 928 7593
776 854 5863
776 864 4053
777 816 5646
777 854 8820
777 859 1722
777 922 5628
777 960 7417
777 988 828
778 842 2742
778 937 5552
780 825 576
780 998 8647
782 879 3137
782 888 5753
782 900 6374
782 912 7103
783 799 7770
783 841 6647
783 869 8014
783 902 3488
784 924 1020
785 816 6577
785 826 1274
785 831 2705
785 878 4729
785 886 7168
785 898 4607
786 795 8951
786 805 594
786 866 8192
786 917 6692
786 967 5184
787 843 3770
787 908 5588
787 912 7034
788 807 5763
788 842 711
788 847 7367
788 872 4954
789 953 8190
790 886 6883
791 806 448
791 810 5969
791 833 6364
791 929 3124
791 938 4044
791 990 8100
792 816 1803
792 828 2528
792 895 8181
793 833 7220
795 842 6173
795 852 1448
795 928 595
795 996 8737
796 801 3545
796 809 5480
796 868 42
797 818 3779
797 911 4686
797 929 6995
798 822 2960
798 895 6275
798 918 7257
798 992 7221
800 846 8524
801 805 360
801 810 8370
801 812 6898
801 870 7195
801 879 2567
801 916 6970
802 860 8933
802 895 1041
802 936 7354
802 967 3916
803 825 3979
803 857 8334
803 881 6011
803 977 1673
804 850 3426
805 863 7398
805 983 3985
806 818 2198
806 916 7095
807 876 2383
807 929 5707
808 889 7736
808 892 3971
809 951 7333
810 963 2437
811 899 199
813 997 3317
814 882 5488
814 995 7658
815 979 4663
816 961 5013
819 880 6562
819 948 4760
820 960 2769
820 997 7750
822 847 3104
823 882 7753
824 833 1172
824 895 1520
825 946 2175
825 979 4782
826 868 3783
827 889 4699
827 898 3151
827 991 8642
828 843 4564
828 870 5990
829 849 4931
829 955 82
829 979 8509
830 902 2551
832 869 7503
832 927 6958
833 938 2392
833 974 5577
834 835 1215
834 985 2820
835 908 2356
836 848 5569
836 976 6512
838 862 5038
839 884 4815
841 933 4273
841 950 6211
842 952 1204
843 955 7934
844 851 4273
844 921 8383
844 957 4443
844 975 1456
845 923 1730
846 873 4276
847 862 7434
847 863 3039
848 912 5071
848 988 6379
849 902 3462
849 985 2843
850 881 8854
850 968 614
851 863 5269
851 990 275
852 997 3040
854 864 4915
855 884 6837
855 938 4773
855 956 7612
857 910 7736
858 902 8438
858 911 5000
858 927 2675
860 902 4813
860 946 852
861 927 3475
861 982 5400
862 879 3665
862 899 5148
862 994 7635
864 953 7638
865 871 4232
865 886 6470
866 878 1660
866 956 6469
866 982 1614
868 915 2406
868 931 8254
868 986 7219
869 946 1569
870 906 1425
872 941 4914
872 953 7887
872 971 8804
874 936 3159
875 902 4326
875 929 5205
875 939 2764
875 954 6619
875 959 7809
875 960 1209
876 929 2982
877 934 3656
877 967 5035
878 974 543
879 891 3869
879 977 7236
880 979 1469
881 910 173
882 883 7853
882 925 1316
882 974 4735
882 989 2882
882 994 5106
883 977 4230
883 994 1286
885 886 8156
885 960 5068
885 970 4346
885 983 4872
886 925 7110
886 987 6618
887 924 1019
888 898 974
889 969 7749
890 926 4475
890 958 411
891 975 582
891 994 8931
893 926 5970
895 943 2617
895 954 3814
896 959 4744
897 950 8120
898 954 6038
900 943 3594
900 959 2509
901 947 7003
902 984 4251
905 906 5368
906 922 5903
906 943 2008
908 950 7737
909 921 3491
910 926 2752
912 918 5417
912 949 2661
912 987 8836
912 991 7464
913 916 3692
914 925 1992
916 952 2372
917 933 4694
918 930 6
920 922 1067
920 983 4252
921 939 194
921 993 2817
923 958 7720
928 954 7723
929 941 5413
929 999 5129
930 942 2967
931 947 6081
935 974 2951
938 972 1609
939 948 3092
944 963 6304
945 973 597
946 957 8141
946 979 5328
948 948 2778
948 951 6662
949 985 5220
950 972 1243
950 993 5702
951 971 8478
952 954 6517
952 999 2583
955 991 4581
957 986 5169
963 987 4211
966 977 5683
967 980 8795
970 999 4649
972 985 560
976 985 6157
979 981 5064
983 986 268
988 990 5470
