60 200
0 4 593
0 39 40
0 44 928
0 57 651
1 41 406
1 45 996
1 55 686
2 5 620
2 7 721
2 20 326
2 29 828
2 32 859
3 6 169
3 8 706
3 39 693
3 48 625
4 14 190
4 24 553
4 26 128
4 28 20
4 31 681
4 39 188
4 42 161
4 57 426
4 58 852
5 20 451
5 25 197
5 26 796
5 31 475
5 33 931
5 34 529
5 41 654
5 42 620
5 58 552
6 33 358
6 36 508
6 38 17
6 53 407
7 12 683
7 46 38
7 50 385
7 56 659
8 24 157
8 28 961
8 34 151
8 42 70
8 44 28
9 14 505
9 29 710
9 30 48
9 31 88
9 46 797
9 53 828
9 59 290
10 24 87
10 38 153
10 40 783
10 55 2
11 16 814
11 31 103
11 40 67
11 43 218
11 45 650
12 18 158
12 22 993
12 25 259
12 33 79
12 35 378
12 39 186
12 47 553
12 50 248
12 51 581
13 14 886
13 16 619
13 29 834
13 57 117
14 17 832
14 19 442
14 21 692
14 30 800
14 31 173
14 40 867
15 15 99
15 19 459
15 21 660
15 26 455
15 47 462
15 58 376
16 27 111
16 52 593
17 20 635
17 22 711
17 30 724
17 39 117
17 40 909
17 50 530
17 52 576
18 24 145
18 56 346
19 21 450
19 30 193
19 40 554
19 51 329
19 53 279
20 22 666
20 27 709
20 44 31
20 54 334
20 55 550
21 23 382
21 38 141
21 51 307
21 55 270
22 56 613
22 58 877
23 23 529
23 52 816
23 53 707
24 31 792
24 45 261
24 47 861
25 38 148
25 53 973
26 33 23
26 35 987
26 42 336
26 48 695
26 59 788
27 33 670
27 43 251
27 50 166
28 35 914
28 39 517
28 50 98
29 31 924
29 41 710
29 42 790
29 50 432
29 55 346
29 59 337
30 34 800
30 42 122
31 34 870
31 47 590
31 49 928
31 51 572
31 58 253
32 42 692
32 51 199
33 43 695
33 49 851
33 51 141
33 52 312
34 35 734
34 42 758
34 56 113
35 47 847
35 51 777
36 38 461
36 54 740
37 43 171
37 51 187
37 58 908
37 59 76
38 46 416
38 51 293
38 58 300
39 44 401
39 46 687
39 55 613
40 45 667
40 50 564
40 53 389
40 55 270
40 56 706
40 57 995
41 42 29
41 57 334
41 58 404
42 44 644
42 51 566
43 54 231
43 58 304
45 56 578
46 50 716
46 57 49
47 49 420
47 52 51
47 56 280
48 49 753
49 54 131
50 51 147
50 52 401
50 59 515
51 54 913
52 54 698
53 56 496
54 57 768
55 57 228
56 57 491
