50 1000
0 1 384
0 3 616
0 4 298
0 6 421
0 7 599
0 8 338
0 9 738
0 11 329
0 12 106
0 13 23
0 15 154
0 17 765
0 18 361
0 19 581
0 20 289
0 21 116
0 23 228
0 24 304
0 25 314
0 26 896
0 27 400
0 30 239
0 31 1
0 32 355
0 33 661
0 35 498
0 36 291
0 38 326
0 39 149
0 40 480
0 42 410
0 43 354
0 44 390
0 46 789
0 47 320
0 48 725
1 1 849
1 2 858
1 3 555
1 4 323
1 5 724
1 6 199
1 7 176
1 8 119
1 9 811
1 10 565
1 11 833
1 12 439
1 13 678
1 14 426
1 15 338
1 16 182
1 17 341
1 18 756
1 19 837
1 20 274
1 21 444
1 23 87
1 24 264
1 25 108
1 27 555
1 28 218
1 30 348
1 32 680
1 33 466
1 34 584
1 36 502
1 37 877
1 38 410
1 39 344
1 40 678
1 42 88
1 43 223
1 44 158
1 46 298
1 47 587
1 48 401
1 49 839
2 2 334
2 3 741
2 4 710
2 5 388
2 6 289
2 7 767
2 8 434
2 9 638
2 10 831
2 11 33
2 12 206
2 13 155
2 14 557
2 16 406
2 18 374
2 19 799
2 20 14
2 21 644
2 22 751
2 23 425
2 24 3
2 25 171
2 28 18
2 29 636
2 30 35
2 31 231
2 34 112
2 35 561
2 36 733
2 38 75
2 39 276
2 41 851
2 43 585
2 44 421
2 45 376
2 46 864
2 47 762
2 48 87
3 3 407
3 4 782
3 5 698
3 6 613
3 7 74
3 8 767
3 9 575
3 10 426
3 12 483
3 14 667
3 15 853
3 18 524
3 19 111
3 20 814
3 21 197
3 22 620
3 23 399
3 24 186
3 25 791
3 26 807
3 27 304
3 29 322
3 30 872
3 31 630
3 33 412
3 34 754
3 35 497
3 36 92
3 37 754
3 38 569
3 39 625
3 40 398
3 41 260
3 42 543
3 43 222
3 44 763
3 45 848
3 46 332
3 47 165
3 48 123
3 49 604
4 5 860
4 6 560
4 7 510
4 8 268
4 9 279
4 10 124
4 11 120
4 12 295
4 14 656
4 15 519
4 16 520
4 17 206
4 18 620
4 19 472
4 21 156
4 23 829
4 24 465
4 26 45
4 27 732
4 28 858
4 29 197
4 30 772
4 31 232
4 32 393
4 33 434
4 34 863
4 35 472
4 37 807
4 38 484
4 39 690
4 41 836
4 43 622
4 44 187
4 46 830
4 48 552
4 49 749
5 6 249
5 9 575
5 10 799
5 11 175
5 12 827
5 14 540
5 15 636
5 16 344
5 17 335
5 18 185
5 19 317
5 20 139
5 22 349
5 24 455
5 25 662
5 26 441
5 27 120
5 29 836
5 30 154
5 33 606
5 34 414
5 35 858
5 37 476
5 38 524
5 39 423
5 40 487
5 41 740
5 42 8
5 43 309
5 45 224
5 47 108
5 48 229
5 49 421
6 6 603
6 7 4
6 8 254
6 9 476
6 10 529
6 11 646
6 12 40
6 13 226
6 14 849
6 16 84
6 17 441
6 18 120
6 19 41
6 20 367
6 22 509
6 24 130
6 25 211
6 26 117
6 27 38
6 28 211
6 29 405
6 31 762
6 32 382
6 33 327
6 34 776
6 35 220
6 37 86
6 38 393
6 39 778
6 41 726
6 42 661
6 45 353
6 46 268
6 47 280
6 48 413
6 49 249
7 8 747
7 9 707
7 10 108
7 11 625
7 12 564
7 13 197
7 15 491
7 16 329
7 17 419
7 18 613
7 19 428
7 21 563
7 23 647
7 25 158
7 26 635
7 27 723
7 28 583
7 29 851
7 30 791
7 32 574
7 33 457
7 35 411
7 37 897
7 38 255
7 39 661
7 40 772
7 41 313
7 42 404
7 44 825
7 45 99
7 46 561
7 47 22
7 48 495
7 49 290
8 10 592
8 11 19
8 12 479
8 13 739
8 14 505
8 16 135
8 17 729
8 18 269
8 19 632
8 20 332
8 21 404
8 22 809
8 25 550
8 26 34
8 27 227
8 28 789
8 29 847
8 30 699
8 31 356
8 32 219
8 33 470
8 35 603
8 36 126
8 37 441
8 38 190
8 39 363
8 40 774
8 41 779
8 42 370
8 43 304
8 44 738
8 46 633
8 47 670
8 49 697
9 9 140
9 10 571
9 11 677
9 12 612
9 13 378
9 14 697
9 15 70
9 16 877
9 18 118
9 20 363
9 24 685
9 25 744
9 26 183
9 27 75
9 28 606
9 29 685
9 30 238
9 31 382
9 33 264
9 35 897
9 36 637
9 37 596
9 38 239
9 39 718
9 40 215
9 41 251
9 42 540
9 43 668
9 44 410
9 45 329
9 46 287
9 47 856
9 48 190
9 49 10
10 10 277
10 11 242
10 12 682
10 13 226
10 14 596
10 15 459
10 16 410
10 17 434
10 19 500
10 20 392
10 21 501
10 22 54
10 23 645
10 24 623
10 25 805
10 27 7
10 28 702
10 31 669
10 33 151
10 34 7
10 35 461
10 36 660
10 37 809
10 39 827
10 40 549
10 41 42
10 43 176
10 44 591
10 45 145
10 46 98
10 47 239
10 48 539
10 49 169
11 11 485
11 13 130
11 15 213
11 17 226
11 18 334
11 19 815
11 20 207
11 21 899
11 22 459
11 23 581
11 24 226
11 25 758
11 26 690
11 27 391
11 28 616
11 29 596
11 30 820
11 31 224
11 32 856
11 33 393
11 34 272
11 40 675
11 41 26
11 43 203
11 44 308
11 45 809
11 46 851
11 48 626
11 49 816
12 13 315
12 14 568
12 15 837
12 16 240
12 19 319
12 20 674
12 21 172
12 22 532
12 23 87
12 24 724
12 27 504
12 28 116
12 30 374
12 31 525
12 32 26
12 33 770
12 34 686
12 35 386
12 37 874
12 39 363
12 40 771
12 41 371
12 42 539
12 43 669
12 44 415
12 45 51
12 46 576
12 48 30
13 14 305
13 15 333
13 16 152
13 17 55
13 18 610
13 19 867
13 20 643
13 21 824
13 23 123
13 27 343
13 28 566
13 30 862
13 33 9
13 34 853
13 35 274
13 36 589
13 38 552
13 39 127
13 40 437
13 41 287
13 42 501
13 43 334
13 44 722
13 45 457
13 46 461
13 47 385
13 48 496
13 49 463
14 16 22
14 18 831
14 19 398
14 20 879
14 22 497
14 23 433
14 24 292
14 25 396
14 26 765
14 27 133
14 28 554
14 29 691
14 30 346
14 32 724
14 33 391
14 34 475
14 39 747
14 40 434
14 41 88
14 42 457
14 43 401
14 44 62
14 45 721
14 48 555
14 49 170
15 15 766
15 18 637
15 20 472
15 21 837
15 22 734
15 24 879
15 25 233
15 27 264
15 28 469
15 29 279
15 30 292
15 31 2
15 32 805
15 33 308
15 34 717
15 35 535
15 36 788
15 37 829
15 38 655
15 39 96
15 41 560
15 42 137
15 43 10
15 45 91
15 46 256
15 47 118
15 48 678
15 49 666
16 17 9
16 18 488
16 20 431
16 21 453
16 23 318
16 24 457
16 27 746
16 28 384
16 29 746
16 30 672
16 31 524
16 32 299
16 33 357
16 35 559
16 36 864
16 38 492
16 39 645
16 40 434
16 42 569
16 43 463
16 44 738
16 45 755
16 47 83
16 48 368
16 49 734
17 17 893
17 19 602
17 20 312
17 21 56
17 23 117
17 24 200
17 25 678
17 26 344
17 28 239
17 29 722
17 30 150
17 32 265
17 35 55
17 36 415
17 37 741
17 39 373
17 40 262
17 42 170
17 43 430
17 44 405
17 45 726
17 46 419
17 48 767
17 49 215
18 18 453
18 19 17
18 20 541
18 21 900
18 22 374
18 23 765
18 25 225
18 26 533
18 27 542
18 28 517
18 30 335
18 31 271
18 32 514
18 33 540
18 34 227
18 35 206
18 36 573
18 37 65
18 38 505
18 39 561
18 40 838
18 42 161
18 43 43
18 44 306
18 47 364
18 48 400
18 49 15
19 20 891
19 21 611
19 22 496
19 23 454
19 24 354
19 27 419
19 28 548
19 30 827
19 31 544
19 32 300
19 33 866
19 35 705
19 36 332
19 38 77
19 39 681
19 40 700
19 41 710
19 42 220
19 43 240
19 45 30
19 46 132
19 47 10
19 48 578
19 49 151
20 20 636
20 21 352
20 22 808
20 23 859
20 24 740
20 25 810
20 26 426
20 28 117
20 29 866
20 30 328
20 31 593
20 32 829
20 34 781
20 35 700
20 36 693
20 37 677
20 38 755
20 39 186
20 40 650
20 41 608
20 42 337
20 43 490
20 44 657
20 45 17
20 46 506
20 48 355
21 21 634
21 23 450
21 24 816
21 25 218
21 27 440
21 28 364
21 29 656
21 30 620
21 31 142
21 33 541
21 34 402
21 35 646
21 36 147
21 37 117
21 39 791
21 41 645
21 42 211
21 43 107
21 44 497
21 45 8
21 47 413
21 48 248
21 49 824
22 23 791
22 24 694
22 25 780
22 26 692
22 27 685
22 28 7
22 33 139
22 34 797
22 35 306
22 36 454
22 37 891
22 38 680
22 39 37
22 40 432
22 41 323
22 42 698
22 43 893
22 45 679
22 49 449
23 25 259
23 27 4
23 29 892
23 30 628
23 31 65
23 32 580
23 33 76
23 35 18
23 36 568
23 37 667
23 38 382
23 39 410
23 40 567
23 41 659
23 42 107
23 43 310
23 44 467
23 45 520
23 46 896
23 47 475
23 48 876
23 49 370
24 24 406
24 25 732
24 26 409
24 27 664
24 29 237
24 30 878
24 31 34
24 32 544
24 34 677
24 35 69
24 36 855
24 37 233
24 39 166
24 40 438
24 41 519
24 42 121
24 44 883
24 45 618
24 46 67
24 48 770
24 49 885
25 25 74
25 32 226
25 33 130
25 36 566
25 37 891
25 38 402
25 39 449
25 40 181
25 41 144
25 42 245
25 44 738
25 45 416
25 46 686
25 47 376
25 48 710
25 49 500
26 26 732
26 28 135
26 29 616
26 30 149
26 31 282
26 32 668
26 33 838
26 35 167
26 37 140
26 38 703
26 40 609
26 41 614
26 42 329
26 43 472
26 44 720
26 45 678
26 47 361
26 48 546
27 27 405
27 29 423
27 30 386
27 31 835
27 32 721
27 33 392
27 36 206
27 37 244
27 38 608
27 39 716
27 41 407
27 43 140
27 46 540
27 47 721
27 48 448
27 49 456
28 28 387
28 29 646
28 31 812
28 32 206
28 33 505
28 34 392
28 35 742
28 36 345
28 37 350
28 38 815
28 41 116
28 42 847
28 43 648
28 44 565
28 45 294
28 46 897
28 47 311
28 48 207
28 49 249
29 29 364
29 30 449
29 31 308
29 32 57
29 33 169
29 34 213
29 35 85
29 36 806
29 37 371
29 38 884
29 39 526
29 40 776
29 41 57
29 42 398
29 43 652
29 44 263
29 46 576
29 47 568
29 49 20
30 30 677
30 31 615
30 33 855
30 34 878
30 36 598
30 37 396
30 39 361
30 42 272
30 44 533
30 45 638
30 46 733
30 49 687
31 31 49
31 32 277
31 33 860
31 34 378
31 35 473
31 37 436
31 38 140
31 40 91
31 41 841
31 42 205
31 43 170
31 44 132
31 45 19
31 46 259
31 47 761
31 48 509
31 49 76
32 32 702
32 33 826
32 34 844
32 35 186
32 36 55
32 38 761
32 39 368
32 40 485
32 41 678
32 43 776
32 44 14
32 46 458
32 47 243
32 49 126
33 33 503
33 34 775
33 35 563
33 36 804
33 37 216
33 39 490
33 40 34
33 41 427
33 42 351
33 43 649
33 44 704
33 45 684
33 46 594
33 48 128
33 49 12
34 36 807
34 37 154
34 38 582
34 39 821
34 41 330
34 42 564
34 44 846
34 46 572
34 47 795
34 48 777
34 49 697
35 35 384
35 36 180
35 37 416
35 38 360
35 39 105
35 41 877
35 43 630
35 44 273
35 45 501
35 46 240
35 47 207
35 48 674
35 49 126
36 36 697
36 37 861
36 38 405
36 39 438
36 40 276
36 41 671
36 43 616
36 45 579
36 46 724
36 48 325
36 49 476
37 38 805
37 39 655
37 40 394
37 41 649
37 42 34
37 44 539
37 45 461
37 46 529
37 47 648
37 48 895
37 49 474
38 39 105
38 40 640
38 41 127
38 42 138
38 43 592
38 44 506
38 45 463
38 46 752
38 47 368
38 48 10
38 49 738
39 40 680
39 41 87
39 42 752
39 43 611
39 44 819
39 45 635
39 48 644
39 49 750
40 41 687
40 43 883
40 44 451
40 45 61
40 46 624
40 47 166
40 48 649
40 49 69
41 41 399
41 42 720
41 43 219
41 44 743
41 45 203
41 47 643
41 49 226
42 43 777
42 44 863
42 46 173
42 47 72
42 48 862
42 49 570
43 43 93
43 44 101
43 45 257
43 46 167
43 47 846
43 48 229
43 49 230
44 45 679
44 46 830
44 47 86
44 48 602
45 45 273
45 46 345
45 47 322
45 48 168
46 47 52
46 48 468
46 49 238
47 48 877
48 48 226
48 49 598
49 49 477
