60 200
0 12 2
0 23 1
0 29 2
0 33 1
0 35 2
1 6 1
1 22 2
1 27 2
1 49 1
1 57 1
2 16 2
2 20 2
2 32 2
2 33 2
2 44 1
2 45 2
2 46 1
3 10 1
3 28 1
3 38 1
3 50 2
3 51 1
3 59 2
4 11 1
4 18 2
4 24 2
4 33 1
4 46 1
4 49 2
4 59 1
5 21 1
5 22 2
5 28 1
5 36 2
5 46 2
5 54 1
5 55 1
6 12 1
6 13 1
6 15 2
6 21 2
6 48 1
7 19 2
7 20 2
7 34 2
7 56 1
8 26 2
8 50 1
9 23 2
9 26 2
9 36 1
9 45 1
10 27 1
10 30 1
10 35 1
10 43 1
10 49 1
10 55 1
11 12 2
11 19 1
11 31 2
11 34 2
11 36 1
11 43 2
11 48 1
11 52 2
11 58 2
12 13 1
12 15 2
12 20 2
12 25 1
12 34 1
12 38 1
12 56 1
13 18 2
13 19 2
13 31 1
13 32 2
13 53 2
14 15 1
14 38 1
14 45 2
14 46 1
14 57 2
15 18 1
15 19 2
15 24 2
15 48 2
15 52 1
16 24 2
16 25 2
17 20 1
17 27 1
17 34 2
17 52 2
18 24 1
18 32 2
18 33 2
18 39 1
18 45 2
18 49 2
18 53 2
19 20 2
19 34 2
19 35 1
19 36 1
20 29 2
20 53 2
20 56 1
21 26 2
21 32 1
21 55 1
22 33 2
22 37 1
22 54 2
22 56 1
23 29 2
23 30 2
23 40 1
23 44 2
23 46 2
24 25 1
24 27 1
24 38 2
24 39 2
24 40 2
24 41 1
24 47 2
24 51 1
24 57 1
24 58 1
24 59 1
25 29 2
25 34 1
25 41 1
25 55 2
26 38 1
26 40 1
26 41 2
26 44 2
26 55 2
26 58 1
27 36 2
27 56 1
28 28 2
28 40 2
28 44 1
29 33 2
29 54 1
29 56 2
30 33 2
31 48 1
32 33 2
32 37 2
33 41 2
33 43 1
33 53 1
33 54 1
34 34 1
34 37 1
34 48 2
34 49 1
35 38 2
35 50 1
35 53 1
36 38 2
36 42 2
36 43 2
36 59 1
37 42 2
37 49 2
37 52 2
37 57 2
38 51 2
39 40 1
39 49 1
39 50 2
40 41 1
40 47 2
40 55 1
41 47 2
41 56 2
41 57 2
41 58 1
42 51 1
43 49 2
43 51 1
44 59 2
45 48 1
45 54 1
46 57 2
47 49 1
49 57 1
49 58 2
50 51 2
50 56 1
50 58 1
51 53 2
54 57 1
54 59 2
