200 600
0 2 2
0 27 1
0 78 1
0 187 2
0 190 2
1 132 1
1 151 1
2 31 2
2 32 2
2 58 1
2 65 2
2 142 1
2 155 2
2 159 1
2 167 2
2 176 1
3 5 1
3 25 1
3 127 2
3 153 2
4 12 1
4 53 1
4 98 2
4 128 1
4 130 2
4 161 2
5 27 1
5 45 2
5 75 2
5 138 2
5 181 1
6 19 1
6 57 1
6 92 1
6 100 2
6 119 1
6 122 1
6 123 2
7 30 1
7 40 2
7 47 2
7 51 1
7 73 1
7 88 1
7 143 1
7 194 1
8 10 2
8 30 2
8 107 2
8 121 2
8 156 1
8 177 2
9 46 2
9 49 1
9 60 2
9 73 1
9 86 1
9 151 2
9 161 2
10 14 1
10 51 1
10 91 1
10 117 1
10 132 1
10 155 1
10 176 1
11 12 2
11 22 2
11 44 2
11 136 1
11 157 1
12 56 1
12 73 2
12 81 1
12 125 1
13 39 1
13 102 2
13 193 1
13 188 1
14 17 2
14 37 2
14 48 1
14 103 2
14 115 2
14 118 2
14 119 2
14 120 2
14 127 2
14 188 2
15 34 1
15 40 2
15 65 2
15 124 2
15 138 1
15 178 2
15 184 1
16 51 1
16 65 1
16 88 2
17 43 1
17 58 2
17 75 1
17 109 1
17 146 1
17 157 2
17 161 2
17 182 1
17 183 2
17 188 2
18 30 1
18 31 2
18 32 2
18 46 1
18 105 2
18 115 2
18 162 2
18 163 1
19 21 1
19 22 1
19 60 2
19 99 1
19 108 1
19 134 1
19 140 1
20 43 1
20 75 2
20 111 1
20 120 1
20 130 1
20 144 1
20 149 2
20 158 2
20 163 1
21 37 1
21 109 2
21 133 2
21 143 2
21 160 2
21 195 2
21 196 1
22 76 1
23 25 2
23 43 2
23 158 2
23 188 2
24 38 1
24 81 1
24 94 2
24 110 1
24 116 1
24 123 2
24 189 1
25 54 1
25 94 2
25 113 2
25 180 1
25 185 2
26 46 1
26 84 2
26 115 1
26 129 2
26 135 1
26 140 1
26 183 2
26 186 1
26 194 1
27 35 1
27 64 1
27 123 1
27 133 2
28 75 2
28 87 1
28 115 2
28 139 2
28 171 2
29 79 1
29 105 1
30 70 1
30 71 1
30 80 2
30 112 1
30 136 2
30 146 1
30 169 1
30 176 1
30 184 1
30 192 2
31 36 2
31 37 1
31 47 1
31 92 2
31 103 1
31 157 1
32 120 1
32 124 1
32 176 1
32 186 1
33 130 1
33 138 2
33 146 1
34 77 2
34 88 1
34 143 1
34 173 2
34 190 2
35 46 1
35 91 1
35 173 2
36 87 2
36 95 2
36 96 1
36 110 2
36 119 1
36 131 1
36 142 1
37 93 2
37 97 2
37 147 1
37 153 2
38 48 2
38 64 2
38 190 1
39 46 1
39 75 1
39 85 2
39 94 2
39 124 2
39 128 2
39 146 2
39 158 2
40 76 1
40 125 2
40 128 1
40 142 1
41 118 1
41 120 1
41 126 2
41 177 1
41 190 1
41 193 2
42 52 2
42 64 1
42 169 1
43 80 2
43 97 2
43 105 1
43 137 2
43 178 1
44 89 2
44 112 1
44 160 2
44 180 1
45 109 1
45 148 2
45 161 1
45 188 1
46 58 2
46 83 1
46 91 2
46 119 2
46 155 2
46 159 1
47 85 2
47 96 2
47 121 1
47 174 2
48 67 1
48 118 2
48 182 1
49 63 2
49 82 1
49 87 1
49 93 2
49 136 1
49 187 1
50 64 1
50 74 2
50 82 1
50 99 1
50 165 2
51 81 2
51 108 2
51 142 1
52 80 2
52 104 1
52 114 2
52 143 1
53 94 2
53 107 2
53 126 2
53 139 2
53 163 2
54 73 2
54 89 1
54 107 1
54 112 2
54 149 2
55 56 1
55 79 2
55 87 1
55 91 1
55 92 1
55 94 2
55 164 2
55 186 2
56 78 2
56 80 2
56 85 2
56 89 1
56 131 2
56 155 1
56 172 2
56 173 2
56 183 1
57 96 1
57 131 1
57 133 2
58 96 2
58 97 1
58 105 1
58 151 1
58 185 1
58 196 2
58 188 2
59 70 1
59 97 1
59 126 1
60 95 2
60 131 1
60 148 2
60 153 2
60 176 2
60 186 2
61 69 2
61 74 1
61 85 2
61 151 1
61 178 1
61 195 2
62 103 1
62 118 2
62 141 2
63 79 2
63 123 2
63 164 1
63 175 2
63 177 1
63 181 1
64 73 1
64 95 2
64 107 1
64 124 1
65 100 1
66 104 1
66 109 2
66 169 2
66 175 1
66 176 2
67 122 2
67 151 1
67 153 2
67 181 1
67 186 1
68 89 2
68 170 2
69 90 1
69 107 1
69 119 2
69 126 1
69 128 2
69 147 1
70 123 2
71 85 2
71 121 1
71 133 1
72 73 1
73 77 1
73 90 2
73 118 1
73 160 1
73 171 1
73 190 1
75 90 1
75 118 1
75 124 2
75 128 2
75 137 2
75 141 2
75 152 2
76 110 2
76 189 2
77 182 1
78 79 2
78 86 2
78 126 2
78 158 2
78 191 2
79 98 2
79 176 1
79 187 2
80 81 1
80 101 2
80 105 2
80 195 1
81 106 1
81 148 2
81 195 2
81 189 2
82 109 2
82 141 1
82 173 2
82 178 1
82 193 1
83 89 1
83 121 1
83 188 1
84 170 2
84 190 2
85 100 1
85 140 2
85 144 1
85 189 1
86 88 1
86 170 2
86 194 2
87 87 1
87 90 2
87 111 2
88 106 1
90 102 2
90 165 1
91 127 2
92 152 1
93 114 1
93 118 2
93 133 1
93 144 1
93 186 2
93 189 1
94 122 1
94 147 1
95 153 2
95 175 2
95 182 2
95 189 1
96 98 2
96 123 2
96 152 1
97 101 2
97 140 2
97 143 1
97 154 2
98 126 2
98 134 1
98 141 2
98 162 1
98 164 2
99 151 2
100 117 2
100 128 1
100 165 1
100 189 2
101 125 1
101 156 2
103 117 1
103 158 2
103 169 1
104 159 1
105 110 1
105 129 1
105 156 1
105 188 1
105 186 2
106 145 1
106 150 1
107 112 2
107 141 1
108 115 2
108 153 2
109 111 1
109 143 2
109 164 1
110 113 1
110 115 2
110 116 1
110 121 1
110 174 1
110 180 1
111 161 2
111 186 2
112 135 1
113 120 2
113 160 1
114 156 2
114 167 2
115 144 1
116 189 2
117 142 1
118 175 1
119 134 1
119 158 1
119 188 1
120 145 2
120 168 2
120 187 1
121 127 1
121 173 2
122 128 2
122 143 1
123 151 2
123 153 1
123 163 2
123 177 1
123 178 1
124 139 2
125 196 2
126 169 2
127 133 2
128 159 2
128 172 1
129 185 2
130 143 1
132 140 2
132 171 2
132 175 1
132 187 1
132 189 2
134 165 1
136 169 1
137 144 1
137 155 2
137 178 1
138 159 2
138 186 2
139 150 2
139 175 1
139 193 1
140 155 2
140 169 2
140 171 1
141 143 1
141 152 2
141 173 1
141 178 1
141 180 1
141 192 1
142 176 2
142 195 2
143 166 2
145 159 2
145 193 1
146 162 1
147 160 1
147 188 1
148 188 1
149 154 1
149 178 2
150 165 1
152 156 2
152 160 2
152 165 2
153 165 1
153 188 1
154 166 1
154 181 2
155 188 1
156 166 1
156 171 2
156 188 2
156 194 1
157 173 1
158 177 2
159 183 1
160 196 2
162 179 2
162 184 2
162 190 2
163 166 1
163 183 1
164 179 1
164 198 1
165 186 2
166 179 1
167 189 1
168 181 2
169 181 2
173 198 1
175 180 1
176 186 1
176 188 1
179 197 1
180 189 1
184 185 2
184 188 2
187 188 1
194 196 2
196 197 1
197 198 1
198 199 1
199 197 1
