65 200
0 2 2
0 5 2
0 11 2
0 16 2
0 28 1
0 40 2
0 49 2
0 50 2
0 51 1
0 54 2
1 6 1
1 31 1
1 32 1
1 58 1
2 3 1
2 4 1
2 14 1
2 31 1
2 43 1
2 56 2
2 58 1
3 5 2
3 37 2
3 38 1
3 53 1
3 55 1
3 58 1
4 7 2
4 25 2
4 42 2
4 44 1
4 51 2
4 53 1
5 11 1
5 22 1
5 31 1
5 56 1
5 59 1
6 14 2
6 27 1
6 48 2
6 51 1
6 53 1
7 19 2
8 31 1
8 45 2
9 10 1
9 21 1
9 25 1
9 28 2
9 39 2
9 45 1
11 13 1
11 18 2
11 52 1
11 53 2
12 14 1
12 23 1
12 35 2
12 50 1
13 15 2
13 24 1
13 55 1
14 25 2
14 37 2
14 42 1
14 43 2
14 45 2
14 53 1
14 56 2
15 22 1
15 29 2
15 46 2
15 49 2
15 59 1
16 18 1
16 21 1
16 44 1
16 48 1
17 27 2
17 35 1
17 39 1
17 42 2
17 43 2
17 46 2
18 23 2
18 27 1
18 32 1
18 35 1
18 39 2
18 45 1
18 51 1
18 54 1
19 20 1
19 21 1
19 24 2
19 54 1
20 27 2
20 53 2
21 23 1
21 32 2
21 45 1
21 47 2
21 53 2
22 39 2
22 41 2
22 48 1
22 53 2
22 59 2
23 43 1
23 57 2
24 37 2
24 46 1
25 26 2
25 28 1
25 38 2
25 40 1
26 59 1
27 30 2
27 32 2
27 36 1
27 39 2
27 44 1
27 56 2
28 33 1
28 36 2
28 38 2
28 42 2
28 56 1
29 30 2
29 38 2
29 54 1
30 38 1
30 43 2
30 48 2
30 53 1
30 59 1
31 46 1
31 59 1
32 38 2
32 40 2
32 53 2
32 56 2
32 57 1
33 36 2
33 41 2
33 42 2
33 50 1
33 58 1
34 37 1
34 39 2
34 49 1
34 54 1
34 56 2
35 38 1
35 52 2
35 56 2
36 39 2
36 46 1
36 49 1
36 53 1
37 41 1
38 39 2
38 43 1
38 46 2
38 59 1
39 45 1
40 43 1
40 45 1
41 46 2
42 56 2
43 50 2
43 52 1
43 53 1
44 51 2
45 52 2
45 57 2
46 59 1
47 55 2
48 49 1
48 53 2
48 59 2
49 50 2
49 59 2
50 64 1
51 56 2
51 59 2
52 56 2
52 57 2
54 55 2
54 58 2
54 61 1
59 60 1
60 61 1
61 62 1
61 63 1
62 63 1
63 64 1
63 60 1
64 60 1


