500 5000
0 4 783
0 20 4844
0 41 4035
0 93 1204
0 114 2417
0 117 836
0 133 3709
0 143 3119
0 151 4298
0 168 3900
0 282 3113
0 363 3282
0 418 4860
0 421 4256
0 444 4258
0 448 4357
0 452 2562
0 483 1808
1 13 3316
1 17 3372
1 92 2034
1 145 1298
1 174 1204
1 322 851
1 336 4855
1 362 2130
1 387 2310
1 393 2277
1 464 4176
1 478 3131
2 57 3176
2 66 4560
2 87 1353
2 89 2538
2 128 4614
2 146 1021
2 160 3646
2 162 4285
2 188 4979
2 232 4280
2 244 3085
2 248 4182
2 276 2403
2 299 4722
2 322 654
2 355 2828
2 368 4737
2 382 649
2 397 455
2 444 3493
2 466 627
3 6 1756
3 28 4562
3 43 3144
3 119 219
3 133 123
3 134 517
3 152 3114
3 227 2503
3 235 2783
3 264 1193
3 367 1643
3 377 4301
3 380 1287
3 411 3615
3 416 480
3 417 4936
3 422 3505
3 442 3264
3 444 193
3 480 2463
3 497 4691
3 498 3386
4 38 2689
4 39 3959
4 59 1683
4 66 2917
4 88 2644
4 154 4842
4 166 1675
4 186 1067
4 213 1149
4 225 2179
4 228 751
4 254 3048
4 266 795
4 268 201
4 279 516
4 376 1049
4 379 2570
4 393 4354
4 403 4276
4 424 3197
4 469 3772
5 32 4501
5 44 4320
5 56 4656
5 67 2699
5 86 2662
5 115 1546
5 136 1433
5 170 4455
5 171 3648
5 185 4396
5 197 3308
5 238 4337
5 272 2294
5 290 2094
5 298 2145
5 314 293
5 323 277
5 347 3260
5 349 3886
5 363 2952
5 457 4363
5 460 2823
5 477 4311
5 497 840
6 13 4591
6 130 4032
6 137 3395
6 174 4927
6 182 2390
6 237 555
6 239 3982
6 255 4175
6 266 4086
6 320 2789
6 334 118
6 352 4622
6 370 1547
6 390 3766
6 409 3114
6 413 1574
6 421 3420
6 435 3153
6 450 3011
6 481 4163
7 29 4088
7 31 2305
7 46 4803
7 58 1819
7 82 1117
7 115 4383
7 117 3291
7 124 4832
7 137 989
7 142 805
7 149 3671
7 151 4727
7 161 2124
7 207 4927
7 228 4426
7 264 2043
7 273 4914
7 361 3651
7 412 3342
7 443 4854
7 449 2671
7 487 2778
8 18 25
8 33 1236
8 49 325
8 70 1754
8 96 1289
8 115 59
8 132 2179
8 238 1401
8 309 1285
8 383 31
8 431 4974
8 458 2047
8 460 1603
9 93 4489
9 126 4474
9 144 451
9 152 577
9 163 2060
9 169 4223
9 175 3832
9 199 1406
9 213 2806
9 232 3157
9 304 405
9 307 3088
9 317 4296
9 392 4034
9 394 2261
9 418 1504
9 445 3667
9 446 484
9 453 4378
10 11 526
10 16 1537
10 53 4759
10 120 2742
10 141 785
10 142 1223
10 150 527
10 152 735
10 163 1839
10 174 1597
10 183 1513
10 190 3459
10 229 3752
10 249 3643
10 257 818
10 275 17
10 292 815
10 294 2095
10 329 3446
10 362 2792
10 419 1695
10 429 183
10 445 1260
10 449 1239
10 468 4443
10 494 2070
11 42 3243
11 72 4007
11 96 3180
11 125 231
11 126 1035
11 185 4250
11 186 3389
11 273 1188
11 286 3825
11 289 4440
11 346 26
11 402 1771
11 420 37
11 443 3117
11 477 1444
11 496 899
12 81 3348
12 117 380
12 155 161
12 167 3831
12 168 2255
12 209 990
12 236 4452
12 264 251
12 291 727
12 293 4320
12 295 4291
12 298 3002
12 311 2578
12 318 1767
12 340 1269
12 343 2384
12 345 4011
12 363 172
12 398 1160
12 399 4914
12 426 1028
12 453 4532
12 455 3652
12 474 1543
12 489 2587
13 15 804
13 68 3218
13 109 1907
13 150 4691
13 157 3732
13 164 4814
13 210 1378
13 215 3159
13 251 45
13 276 1138
13 277 257
13 289 944
13 314 2378
13 315 4206
13 330 247
13 359 71
13 389 2251
13 415 3498
13 439 1960
13 444 207
13 452 267
13 457 2457
13 469 3570
13 497 3405
14 53 535
14 54 1740
14 55 4753
14 79 1336
14 82 833
14 100 4758
14 114 3676
14 186 2949
14 190 4013
14 207 1129
14 224 3066
14 250 636
14 277 1447
14 297 3424
14 325 1629
14 338 2115
14 352 4987
15 36 2800
15 38 556
15 107 3930
15 166 2992
15 178 1278
15 188 4724
15 189 3181
15 205 928
15 213 662
15 218 3164
15 290 4865
15 301 3820
15 323 1528
15 362 237
15 378 4521
15 393 1742
15 408 4332
15 422 4500
15 423 4570
16 18 3672
16 33 656
16 34 2590
16 52 906
16 79 3955
16 115 4776
16 248 2686
16 261 4810
16 314 4532
16 461 3381
16 468 2526
16 493 414
16 496 3890
17 53 2745
17 146 1389
17 154 2007
17 199 2611
17 212 340
17 260 335
17 268 3995
17 324 3718
17 358 4173
17 359 3901
17 367 959
17 369 543
17 415 1827
17 432 1970
17 434 2133
17 441 1196
17 476 2046
17 480 1755
18 69 4298
18 107 2172
18 154 1868
18 158 4886
18 187 3877
18 229 4796
18 242 1188
18 257 4880
18 271 1295
18 274 124
18 306 3665
18 400 253
18 466 4418
18 467 3224
18 496 3498
19 19 4648
19 32 1494
19 87 2987
19 88 3719
19 91 1686
19 104 3292
19 136 1871
19 203 2151
19 269 4042
19 295 3814
19 323 1916
19 330 758
19 368 3434
19 382 1842
19 420 1411
19 448 4588
19 469 4249
19 498 3455
20 36 4203
20 93 129
20 125 2202
20 134 418
20 135 510
20 182 1333
20 190 3208
20 213 4260
20 229 3507
20 247 4463
20 279 3921
20 294 771
20 306 3305
20 327 2284
20 335 989
20 345 1342
20 357 4188
20 425 2724
20 430 81
20 476 3652
20 489 4582
20 496 1278
21 75 2994
21 83 4075
21 135 1735
21 142 3033
21 153 692
21 174 4366
21 218 2593
21 230 434
21 298 4376
21 307 4031
21 330 3224
21 346 998
21 354 4263
21 379 1358
21 391 182
21 392 1869
21 419 3819
21 450 2031
21 455 2432
22 29 1986
22 47 1264
22 53 1649
22 103 466
22 126 4577
22 146 3436
22 167 4168
22 285 1859
22 286 910
22 332 3698
22 381 1242
22 394 4864
22 420 2634
22 441 3803
22 464 835
22 490 696
23 41 3833
23 115 3794
23 129 4114
23 147 3258
23 187 55
23 214 913
23 220 1461
23 234 4189
23 328 1480
23 380 102
23 385 2974
23 387 2887
23 427 1739
24 69 2741
24 81 1814
24 106 4904
24 173 2341
24 175 2827
24 209 1303
24 222 4921
24 232 1365
24 241 1974
24 289 1974
24 316 2529
24 349 4250
24 356 4582
24 377 1754
24 394 1101
24 404 2033
24 420 556
24 423 1151
24 469 17
24 471 3725
25 44 771
25 48 118
25 81 1700
25 118 3735
25 134 1733
25 143 2146
25 174 3521
25 250 640
25 251 4923
25 276 2324
25 289 1505
25 302 4271
25 318 2026
25 357 4922
25 408 1307
25 413 3816
25 439 3114
25 453 1120
25 459 4515
25 477 2846
25 498 2322
26 45 1397
26 51 1617
26 57 4018
26 63 3905
26 113 632
26 154 808
26 162 3977
26 166 2419
26 219 1822
26 222 154
26 255 711
26 257 3950
26 312 2598
26 320 2008
26 323 2714
26 352 1607
26 366 1407
26 411 3151
26 441 2786
26 484 3194
26 492 2144
27 97 3975
27 141 414
27 158 2962
27 182 1784
27 211 3569
27 216 1215
27 223 2426
27 230 1518
27 252 2964
27 269 2188
27 273 1983
27 320 1491
27 346 1551
27 356 4728
27 363 4814
27 464 3754
27 472 675
28 42 3642
28 62 2975
28 65 120
28 85 4700
28 112 4134
28 129 4179
28 182 2293
28 215 556
28 224 1620
28 314 2198
28 327 4257
28 341 558
28 353 3604
28 365 3552
28 378 3283
28 409 1452
28 411 2110
28 440 3751
28 449 704
28 495 3458
29 30 2027
29 33 1569
29 68 2636
29 72 4446
29 100 3580
29 106 1797
29 130 593
29 150 4024
29 190 3093
29 224 4931
29 247 3934
29 334 1790
29 418 497
29 422 2035
29 428 4613
29 437 516
29 448 4914
29 485 3335
30 31 2232
30 63 721
30 75 3591
30 82 2242
30 107 187
30 176 3825
30 177 1212
30 204 4174
30 235 1992
30 256 55
30 264 2078
30 364 2555
30 385 3202
30 413 1017
30 417 1363
30 452 1755
30 456 3931
30 458 1867
31 64 4695
31 251 386
31 287 2013
31 310 1310
31 336 1394
31 366 2248
31 411 4190
31 429 152
31 455 1870
31 463 4175
31 472 399
32 47 2532
32 75 2510
32 139 778
32 141 4986
32 177 1412
32 187 371
32 220 82
32 224 2089
32 266 3040
32 357 3656
32 382 1617
32 406 1237
32 416 3142
32 437 2789
32 445 4296
32 460 2963
32 481 71
33 49 37
33 120 2416
33 148 1462
33 156 1692
33 165 2216
33 224 480
33 234 1436
33 263 1411
33 264 4620
33 307 4684
33 355 2845
33 389 1682
33 430 1697
33 440 4534
33 458 3615
33 468 2817
33 478 2445
33 488 466
34 95 227
34 96 4659
34 99 2104
34 120 2148
34 139 1210
34 146 2792
34 163 2205
34 185 4445
34 187 2196
34 188 3894
34 208 179
34 268 2842
34 282 940
34 320 2952
34 326 728
34 333 4047
34 356 2071
34 366 816
34 388 4993
34 424 2662
34 430 2296
35 42 1008
35 57 647
35 88 3507
35 93 2676
35 107 343
35 144 680
35 181 2900
35 201 740
35 241 1755
35 245 2364
35 287 379
35 289 2327
35 292 323
35 318 43
35 327 4487
35 354 2082
35 357 3833
35 392 1360
35 413 3710
35 467 3559
35 480 3977
35 497 2561
36 44 1497
36 45 1345
36 48 2472
36 62 3307
36 117 394
36 134 4531
36 181 1167
36 210 909
36 258 942
36 262 3754
36 290 3371
36 294 3010
36 300 2774
36 321 1803
36 327 1021
36 361 566
37 135 454
37 156 4059
37 188 496
37 246 382
37 252 3286
37 281 4255
37 322 2366
37 380 2381
37 391 4702
37 407 2966
37 409 4653
37 433 4341
37 469 1490
38 40 4316
38 52 4052
38 70 463
38 78 3373
38 80 2191
38 113 4695
38 131 3319
38 145 2976
38 188 3980
38 203 2536
38 243 2114
38 254 4855
38 269 4372
38 284 3943
38 295 3051
38 370 4671
38 385 1059
38 394 4217
38 404 4028
38 433 392
38 467 1038
38 488 4748
39 46 4118
39 69 3945
39 91 1064
39 122 3504
39 161 87
39 257 1336
39 259 2010
39 265 171
39 368 3121
39 419 45
39 448 1914
39 472 2707
40 62 1327
40 73 4645
40 174 115
40 265 3632
40 287 2521
40 360 2294
40 366 4994
40 380 3668
40 432 3809
40 477 4542
40 479 1022
40 486 4043
40 495 2262
41 49 64
41 55 18
41 72 2297
41 88 1972
41 103 4755
41 113 4566
41 117 1428
41 118 4307
41 129 814
41 152 2721
41 167 1666
41 196 2644
41 213 3437
41 243 3401
41 249 4870
41 275 2899
41 277 804
41 337 1634
41 338 3351
41 340 1074
41 341 2218
41 387 2114
41 418 1572
41 420 1346
41 455 2044
41 481 3214
42 67 3022
42 113 2440
42 134 3605
42 167 3763
42 169 3513
42 185 4093
42 199 1837
42 286 851
42 301 2633
42 376 3298
42 400 237
42 403 704
43 48 4863
43 58 2115
43 84 3531
43 192 1373
43 194 818
43 236 4915
43 270 96
43 296 908
43 304 368
43 350 4914
43 366 3203
43 392 202
43 409 2264
43 415 742
43 417 1493
43 429 2514
43 441 3024
43 452 3100
44 61 2449
44 101 486
44 108 2815
44 111 1863
44 135 866
44 138 211
44 151 3598
44 255 4576
44 259 1400
44 281 970
44 303 1491
44 351 1570
44 374 3819
44 383 1674
44 393 4058
44 403 3731
44 454 2464
44 467 942
44 477 3788
45 47 497
45 48 1915
45 112 3751
45 123 2010
45 150 2349
45 163 1739
45 234 770
45 243 954
45 250 3265
45 296 2980
45 306 3983
45 309 3784
45 317 1869
45 408 2650
45 483 3620
45 491 4406
46 56 2740
46 65 4607
46 101 3151
46 160 1452
46 169 2652
46 183 207
46 188 519
46 270 1026
46 375 4823
46 444 3809
46 458 2974
46 477 2967
47 89 2343
47 105 2106
47 129 2543
47 157 1842
47 160 2112
47 162 4789
47 183 3814
47 208 316
47 229 343
47 272 2307
47 281 4772
47 289 1810
47 305 4699
47 309 2678
47 315 2983
47 345 3440
47 364 1618
47 391 2476
47 405 2044
47 445 903
47 452 2966
47 487 2191
48 65 4757
48 119 4865
48 252 2748
48 285 4527
48 304 741
48 308 4385
48 345 1518
48 367 2203
48 368 3031
48 369 1348
48 375 1820
48 390 3322
48 445 2046
48 454 1106
48 458 2942
48 472 2308
48 476 1053
48 485 3889
49 69 2213
49 95 2756
49 181 529
49 184 1201
49 197 1889
49 198 2147
49 215 579
49 298 984
49 308 2936
49 311 3348
49 334 515
49 349 1695
49 350 4288
49 354 1259
49 447 4654
49 452 1874
50 66 753
50 75 4511
50 106 2647
50 112 75
50 127 2673
50 128 873
50 162 4669
50 193 2822
50 202 4658
50 206 957
50 301 218
50 326 4300
50 384 4132
50 431 1655
50 440 1336
50 479 1365
51 56 2451
51 122 3224
51 136 1943
51 163 99
51 171 3116
51 188 1
51 193 904
51 205 3066
51 218 1848
51 222 4493
51 237 2563
51 275 3956
51 361 172
51 369 4992
51 376 3858
51 384 896
51 391 2023
51 395 4508
51 402 1359
51 430 2408
51 455 4014
51 468 525
51 472 1318
51 480 313
51 499 3260
52 69 2477
52 82 856
52 97 601
52 116 1794
52 130 2599
52 139 1951
52 143 2242
52 176 2498
52 197 2745
52 268 1519
52 287 1870
52 318 1378
52 328 31
52 337 3773
52 344 359
52 351 919
52 353 1553
52 378 3818
52 439 2904
52 462 1103
52 487 2311
52 498 306
53 57 1434
53 83 851
53 90 3085
53 95 844
53 102 772
53 164 1897
53 166 2677
53 228 3786
53 239 1332
53 266 3041
53 273 3436
53 301 1602
53 332 266
53 341 2479
53 351 3790
53 366 3970
53 405 1043
53 473 2003
54 70 1741
54 73 2663
54 111 1538
54 140 4456
54 142 495
54 159 763
54 161 530
54 162 1673
54 184 1603
54 232 1422
54 242 742
54 243 1794
54 257 4396
54 290 2241
54 292 1774
54 294 124
54 301 2411
54 306 1029
54 341 662
54 410 2356
54 443 3499
54 449 4595
54 463 136
54 490 4133
54 495 1755
55 67 4840
55 123 4342
55 165 499
55 166 666
55 217 477
55 222 351
55 232 1181
55 246 2631
55 275 947
55 278 4692
55 290 744
55 320 675
55 358 1664
55 361 292
55 400 3521
56 66 2594
56 80 3933
56 159 658
56 163 4902
56 212 3676
56 218 110
56 256 1311
56 288 761
56 305 4510
56 358 482
56 399 1076
56 446 3525
56 482 1174
57 72 4439
57 74 2390
57 96 2837
57 107 2760
57 121 4421
57 136 991
57 156 1786
57 177 4377
57 188 2389
57 201 2515
57 215 2141
57 302 4126
57 314 2726
57 352 4812
57 356 715
57 365 4189
57 367 4661
57 385 2391
57 396 2630
57 418 3156
57 457 1806
57 480 3562
57 485 1255
57 494 4440
58 76 4541
58 127 1452
58 138 1741
58 167 1206
58 185 2862
58 188 1257
58 193 4643
58 203 3033
58 230 3894
58 237 1024
58 261 874
58 263 2710
58 270 1706
58 279 567
58 282 2070
58 298 2418
58 304 3722
58 310 2415
58 314 32
58 377 494
58 380 60
58 425 1398
58 449 473
58 476 2556
58 489 4145
59 80 3869
59 122 1172
59 149 3926
59 176 1927
59 186 4759
59 192 4617
59 218 3961
59 260 3282
59 354 2652
59 365 3010
59 367 4256
59 374 776
59 382 3393
59 429 154
59 498 3435
60 104 1162
60 168 3846
60 198 4032
60 211 815
60 218 2766
60 222 3601
60 226 3345
60 280 1422
60 355 1568
60 356 4068
60 389 619
60 427 3179
60 439 3574
60 457 3141
60 458 2138
60 461 3221
60 463 4255
60 477 426
60 488 2294
61 71 449
61 77 2055
61 94 588
61 162 3634
61 163 1093
61 166 2693
61 189 242
61 213 1367
61 247 335
61 250 1856
61 258 4208
61 265 1556
61 266 802
61 286 3936
61 335 1328
61 336 2551
61 343 1295
61 344 2802
61 360 1482
61 396 2810
61 416 4914
61 430 2675
61 452 231
61 458 3332
61 464 2252
61 475 4551
61 488 1396
62 64 4794
62 70 575
62 158 4672
62 269 2908
62 276 2328
62 310 3281
62 321 4954
62 351 206
62 393 4927
62 399 4390
62 403 3499
62 406 242
62 413 3613
62 441 2144
62 457 3081
62 461 2768
62 495 4271
63 70 952
63 84 3412
63 94 4444
63 136 4901
63 155 4901
63 170 942
63 184 1439
63 241 1563
63 288 1539
63 310 3926
63 312 3253
63 325 4931
63 376 68
63 398 4841
63 402 3893
63 407 1346
63 419 529
63 437 149
63 441 4229
63 466 483
63 488 1070
64 84 4980
64 112 2868
64 139 996
64 231 304
64 271 3675
64 286 2609
64 293 4388
64 321 4990
64 322 4458
64 323 4847
64 337 4941
64 338 4724
64 395 707
64 404 1238
65 120 635
65 130 385
65 137 1188
65 147 30
65 159 3776
65 161 1580
65 279 426
65 280 1679
65 290 4240
65 322 4022
65 340 1254
65 374 924
65 380 4925
65 453 3188
66 87 562
66 96 151
66 128 977
66 131 308
66 144 2005
66 170 1894
66 196 1622
66 199 4297
66 242 995
66 259 4271
66 265 3836
66 268 2785
66 291 4293
66 365 2683
66 412 3057
66 437 3159
66 438 1908
66 441 948
66 447 4461
66 478 4810
67 152 1898
67 209 3048
67 244 3854
67 249 4533
67 251 728
67 268 3805
67 281 398
67 333 4255
67 402 301
67 410 2069
67 492 896
68 80 1814
68 143 1139
68 158 2657
68 170 4794
68 222 2366
68 236 2491
68 245 4163
68 270 238
68 284 3989
68 297 302
68 304 1634
68 309 1545
68 358 2236
68 362 518
68 398 4896
68 424 696
68 447 4194
68 472 34
68 480 1183
68 486 970
68 494 1686
68 498 3362
69 94 4483
69 96 288
69 99 2990
69 114 1338
69 146 720
69 169 1151
69 225 2
69 265 872
69 267 3205
69 303 1952
69 317 2079
69 321 1165
69 324 1044
69 388 2357
69 425 140
69 445 1858
69 450 4129
69 465 3466
69 472 4102
69 477 544
69 478 3686
69 489 2473
70 84 4716
70 183 1945
70 230 2368
70 245 4607
70 257 3886
70 277 3431
70 278 1095
70 301 2184
70 307 4316
70 310 4351
70 450 2304
70 471 3592
70 479 1381
71 75 4460
71 131 2463
71 162 3386
71 180 2347
71 197 4629
71 229 4506
71 259 135
71 303 1516
71 379 4605
71 387 3960
71 394 2305
71 396 1120
71 461 4522
71 466 2766
72 74 4595
72 106 3300
72 147 2996
72 151 982
72 206 2210
72 246 2399
72 248 2963
72 261 226
72 279 3018
72 301 41
72 337 43
72 397 874
72 399 326
72 437 4390
72 466 1102
73 83 3814
73 92 3096
73 109 2581
73 172 974
73 221 46
73 261 2291
73 272 300
73 277 501
73 289 2415
73 310 3759
73 352 1429
73 360 2635
73 384 3137
73 385 4354
73 420 4833
74 109 4888
74 123 1542
74 169 2598
74 213 3621
74 256 3302
74 271 1096
74 307 4512
74 316 3794
74 379 3415
74 380 1159
74 382 3114
74 390 4123
74 407 3255
74 443 1315
74 466 2774
74 474 710
74 475 3347
74 486 2314
74 496 1289
75 133 4609
75 141 4823
75 182 2242
75 192 1726
75 215 893
75 218 2713
75 229 3314
75 236 4611
75 259 3229
75 277 4547
75 288 3455
75 316 2486
75 332 3284
75 437 3770
75 450 387
75 497 2116
75 498 327
76 96 4932
76 99 2693
76 101 180
76 123 4291
76 128 4232
76 145 2485
76 174 4128
76 225 1089
76 242 963
76 264 783
76 267 2053
76 350 165
76 387 2448
76 440 2617
76 449 4915
76 464 4115
76 485 3051
76 489 2193
77 134 4617
77 175 1615
77 193 4896
77 211 710
77 212 570
77 232 4711
77 257 4591
77 278 2503
77 332 2966
77 427 4654
77 444 31
78 120 997
78 121 422
78 128 4628
78 160 482
78 170 1223
78 173 3682
78 176 3831
78 189 1530
78 196 799
78 206 4615
78 251 3558
78 275 4404
78 298 885
78 318 996
78 330 4759
78 334 3850
78 346 1969
78 390 2928
78 404 1136
78 462 4706
79 97 1073
79 114 1961
79 116 365
79 130 1201
79 180 4651
79 264 4939
79 276 4867
79 287 2838
79 339 190
79 358 4325
79 406 4785
79 452 911
79 473 2379
79 480 1524
80 93 1893
80 140 2742
80 156 3239
80 240 602
80 250 1975
80 253 89
80 266 3157
80 282 488
80 312 3728
80 331 4526
80 338 2520
80 341 240
81 107 4971
81 109 3071
81 111 4500
81 165 3401
81 174 3867
81 225 2691
81 232 269
81 273 1914
81 277 1471
81 280 2355
81 344 2180
81 359 2154
81 381 4820
81 394 4712
81 395 3641
81 413 809
81 471 539
81 481 2131
82 93 3757
82 135 4098
82 139 1779
82 140 95
82 165 1654
82 220 4799
82 229 2538
82 231 1363
82 252 4310
82 273 4148
82 325 2140
82 340 2369
82 342 1553
82 365 423
82 374 4167
82 423 1132
82 476 2062
83 91 213
83 150 4792
83 156 1796
83 216 2392
83 221 411
83 268 1949
83 275 4278
83 277 934
83 291 4775
83 342 2337
83 412 1032
83 446 28
83 450 1742
83 487 545
83 488 4519
83 494 2530
84 97 3526
84 119 4756
84 158 3084
84 167 4987
84 201 2626
84 205 1083
84 228 4892
84 269 318
84 274 2765
84 280 839
84 287 4450
84 358 2842
84 363 170
84 384 4219
84 417 4069
84 418 4060
84 473 3845
84 485 4640
85 108 4406
85 109 874
85 129 71
85 170 4062
85 215 2488
85 223 3449
85 230 3384
85 231 2702
85 232 422
85 242 136
85 288 3127
85 301 1037
85 311 4918
85 319 4086
85 335 1952
85 393 2474
85 402 394
85 433 1859
85 452 1408
85 487 3842
86 155 2873
86 177 1949
86 200 1061
86 242 4004
86 248 4672
86 263 2969
86 272 455
86 275 4663
86 276 516
86 295 2851
86 321 3852
86 324 4633
86 333 4344
86 416 4949
86 432 1653
86 483 1551
86 497 2321
87 90 2826
87 96 375
87 102 1902
87 112 2729
87 169 4104
87 177 3616
87 183 1023
87 186 2364
87 198 3750
87 206 834
87 226 4728
87 248 27
87 265 1219
87 284 3576
87 335 111
87 349 4352
87 369 3108
87 495 3815
88 98 3104
88 100 905
88 107 2043
88 124 4522
88 252 2370
88 263 2406
88 264 4747
88 304 2416
88 355 1138
88 358 3840
88 385 2655
88 387 4342
88 398 322
88 450 3485
88 468 501
88 470 4166
88 489 2399
88 499 1909
89 132 1280
89 141 4795
89 176 2829
89 191 4148
89 231 2962
89 286 2086
89 298 4822
89 365 4866
89 366 3746
89 452 541
89 464 3120
89 483 3405
89 493 614
90 93 3322
90 142 1184
90 170 2816
90 175 275
90 205 31
90 208 503
90 284 985
90 363 2193
90 373 4175
90 379 4407
90 400 2985
91 106 4784
91 135 735
91 166 2310
91 173 1805
91 199 4743
91 201 1893
91 235 270
91 328 3169
91 350 2214
91 359 3276
91 361 4916
91 373 4579
91 413 2577
91 464 814
91 479 4711
92 98 1178
92 185 494
92 192 311
92 206 3986
92 212 2415
92 221 927
92 235 1009
92 252 3573
92 258 1829
92 265 4360
92 268 1714
92 286 4159
92 314 2612
92 411 1367
92 483 3124
93 133 135
93 157 4045
93 229 3780
93 287 630
93 299 3437
93 337 1014
93 358 3011
93 377 2267
93 378 2949
93 391 1903
93 466 2149
94 131 296
94 134 4272
94 152 2954
94 185 4756
94 255 2241
94 295 165
94 332 919
94 341 2828
94 351 3712
94 355 1536
94 367 4139
94 373 4655
94 401 2771
94 412 3751
94 458 4977
94 494 3481
95 106 3
95 122 2442
95 136 1436
95 161 4201
95 179 346
95 192 4098
95 220 2625
95 250 2737
95 286 3032
95 302 4096
95 346 4248
95 350 2956
95 360 3106
95 367 657
95 371 950
95 383 2053
95 394 3628
95 461 3499
96 98 4616
96 144 697
96 172 37
96 175 503
96 177 3363
96 279 2480
96 328 3539
96 346 3952
96 349 192
96 387 1691
96 419 4868
96 466 1827
96 487 2382
96 490 283
97 124 4545
97 146 126
97 147 2325
97 155 3532
97 170 2084
97 204 1931
97 228 3951
97 238 3642
97 369 3844
97 403 3530
97 484 2881
97 490 2311
98 125 2342
98 140 1403
98 141 2588
98 160 4207
98 164 80
98 167 2592
98 245 705
98 249 767
98 280 2304
98 307 2387
98 325 3878
98 342 3494
98 416 3321
99 110 3100
99 181 359
99 201 3449
99 219 3557
99 224 551
99 272 3552
99 318 2783
99 322 3538
99 326 2598
99 340 597
99 384 3030
99 409 4443
99 457 3169
100 128 4722
100 151 19
100 180 3341
100 186 4248
100 192 1400
100 217 1623
100 248 1744
100 289 1631
100 310 2484
100 314 2910
100 350 2124
100 383 4086
100 405 690
100 422 1360
100 455 1718
100 463 4775
100 491 4515
101 102 1115
101 126 2252
101 164 1063
101 191 1806
101 194 2931
101 212 1852
101 229 3600
101 306 1141
101 364 4192
101 376 1149
101 400 1780
101 420 2444
101 462 2737
101 482 3026
101 496 1827
102 140 3853
102 143 2459
102 180 4166
102 212 2532
102 239 1590
102 243 734
102 271 3153
102 276 2812
102 315 1445
102 348 2517
102 383 831
102 413 3020
102 451 4902
102 485 1568
103 103 292
103 120 1061
103 171 1660
103 175 906
103 222 4019
103 231 2095
103 235 1328
103 305 896
103 346 3155
103 375 3760
103 387 1485
103 426 1934
103 433 3799
103 459 3861
103 481 4595
104 156 700
104 157 999
104 188 2256
104 189 1890
104 207 3055
104 297 3433
104 313 3880
104 336 1011
104 337 1264
104 343 2466
104 405 1225
104 413 1108
104 426 4645
104 430 995
104 473 1552
104 474 4818
104 495 4188
105 131 1142
105 196 4806
105 244 3670
105 286 2432
105 288 2161
105 298 4943
105 323 3872
105 339 880
105 347 4310
105 352 2723
105 378 2969
105 385 2572
105 388 4112
105 398 360
105 438 321
105 439 4252
106 158 2672
106 167 4362
106 188 2800
106 206 2694
106 274 1376
106 301 2519
106 348 4920
106 351 586
106 368 1939
106 416 1805
106 448 1400
106 462 1099
107 128 3286
107 156 1513
107 160 1553
107 169 3245
107 186 3130
107 219 1151
107 224 449
107 241 3323
107 249 527
107 255 2120
107 266 885
107 292 2994
107 295 115
107 337 3061
107 352 4198
107 355 2916
107 365 1197
107 367 3499
107 393 3007
107 399 3088
107 408 4628
107 416 480
107 423 4296
107 443 2933
107 454 1106
107 466 1044
108 119 3381
108 120 1714
108 140 29
108 175 2739
108 199 1438
108 241 4242
108 274 1359
108 348 2768
108 368 4364
108 386 1199
108 401 3927
108 444 1487
108 480 2801
108 493 1648
109 135 3225
109 137 3370
109 180 949
109 244 2373
109 247 695
109 275 3889
109 279 4930
109 308 3896
109 357 159
109 363 4208
109 386 4794
109 390 4136
109 400 3428
109 441 1435
109 470 412
109 475 1194
109 487 2835
109 490 4860
109 494 3875
109 498 1293
110 151 1720
110 201 285
110 221 3936
110 281 3175
110 288 1860
110 289 4935
110 403 3957
110 423 823
110 435 3669
110 484 1893
111 119 4966
111 262 372
111 280 654
111 307 977
111 318 1826
111 332 2029
111 366 3583
111 438 3890
111 447 3986
111 471 1319
111 488 3879
111 496 4665
112 127 24
112 135 224
112 152 3
112 180 3694
112 202 3712
112 216 4978
112 222 2432
112 224 3026
112 239 2116
112 251 4292
112 279 4911
112 394 2135
112 438 4918
112 441 1432
112 444 3544
112 453 2114
112 490 4515
113 113 690
113 149 908
113 155 1426
113 156 834
113 160 1886
113 217 2710
113 223 932
113 236 3564
113 247 1527
113 262 2069
113 269 3921
113 291 3653
113 303 3477
113 338 4093
113 357 4417
113 360 2115
113 382 2535
113 425 1797
113 458 4719
113 482 3429
114 129 4000
114 144 4579
114 154 4328
114 179 1196
114 211 1510
114 224 3759
114 227 3390
114 245 2953
114 310 2970
114 313 4642
114 338 3575
114 354 564
114 427 4907
114 447 3668
114 461 3651
114 471 1487
115 119 779
115 123 4503
115 136 847
115 154 145
115 160 1989
115 166 4564
115 178 682
115 256 1930
115 263 917
115 272 2054
115 284 4884
115 288 4949
115 333 3214
115 360 1684
115 387 4998
115 404 4601
116 220 3443
116 229 3157
116 273 4690
116 308 4022
116 330 3759
116 362 1260
116 370 2782
116 373 3610
116 386 4640
116 395 1605
116 396 731
116 418 2523
116 466 4832
116 475 4760
116 482 2375
116 495 2846
117 130 1959
117 212 1633
117 258 4445
117 272 3295
117 284 2279
117 287 1405
117 313 3412
117 334 463
117 349 3487
117 352 3494
117 357 4572
117 370 1593
117 406 610
117 434 80
117 447 70
117 456 1451
117 462 609
117 479 1067
118 207 1969
118 230 1690
118 284 2360
118 306 3998
118 321 4188
118 328 4568
118 381 87
118 404 66
119 155 1571
119 160 2035
119 174 2683
119 177 2416
119 196 3269
119 206 66
119 217 2425
119 301 4809
119 330 1025
119 354 3487
119 401 1772
119 442 3181
119 460 4749
119 473 2404
119 494 4559
119 496 1629
120 120 417
120 226 859
120 264 2645
120 350 2478
120 389 3007
120 423 370
120 488 420
120 490 2026
121 125 685
121 141 1808
121 143 1825
121 150 3414
121 164 2182
121 177 349
121 196 3330
121 210 2835
121 327 1759
121 335 562
121 374 1482
121 406 1759
121 413 1020
121 433 3367
121 445 4032
121 452 4136
121 467 806
121 480 1922
121 496 1664
122 125 4736
122 171 1276
122 208 3303
122 256 4009
122 263 4402
122 302 549
122 313 1048
122 332 1737
122 344 1916
122 368 1610
122 371 4662
122 399 622
122 402 975
122 405 3272
122 413 2081
122 430 1334
122 434 103
122 452 1784
123 135 1154
123 159 690
123 188 1796
123 198 2388
123 221 3277
123 243 1654
123 251 68
123 279 2518
123 284 1625
123 300 4240
123 301 1064
123 323 359
123 325 3631
123 337 4406
123 355 2581
123 358 4580
123 379 1973
123 384 1024
123 385 585
123 391 2783
123 393 4529
123 398 3579
123 403 2855
123 419 113
123 437 1545
124 146 2043
124 147 2981
124 177 1321
124 235 450
124 254 1962
124 263 2489
124 285 3084
124 300 4169
124 329 429
124 374 4889
124 447 3722
125 126 4250
125 140 2094
125 158 817
125 185 4713
125 227 4625
125 235 1656
125 250 1456
125 313 2085
125 340 2688
125 352 2114
125 353 506
125 365 718
125 369 1942
125 402 2856
125 411 1757
125 422 2891
125 492 4324
126 158 771
126 171 3530
126 189 3334
126 197 2103
126 219 1799
126 254 2266
126 259 4093
126 296 3565
126 324 3797
126 354 1056
126 429 3789
126 443 2247
126 450 2602
127 160 2896
127 185 3954
127 208 1539
127 277 3645
127 289 2543
127 296 2481
127 355 1006
127 371 1990
127 395 2569
127 401 3332
127 419 3451
127 421 3851
127 458 566
127 466 4518
128 149 748
128 169 1230
128 227 879
128 231 2954
128 250 3525
128 302 839
128 341 1565
128 366 1204
128 374 2457
128 386 3638
128 391 4068
128 460 2807
128 478 267
128 494 3109
129 136 2947
129 159 1361
129 177 734
129 201 1245
129 330 101
129 357 3256
129 368 4026
129 371 1356
129 380 2364
129 385 4663
129 409 1380
129 423 414
129 430 4664
129 439 4474
129 445 298
130 138 4927
130 158 3020
130 212 3920
130 219 3935
130 271 1961
130 314 4573
130 358 4534
130 378 1785
130 383 2977
130 418 3254
130 436 4551
130 468 2891
130 485 2383
130 486 3127
131 132 2842
131 246 4808
131 287 1245
131 294 2000
131 307 365
131 317 341
131 318 4335
131 321 2454
131 330 215
131 380 2747
131 396 1752
131 424 4748
132 166 2406
132 183 4650
132 187 4447
132 212 7
132 215 2646
132 251 1964
132 277 1726
132 289 2981
132 300 2458
132 308 3626
132 325 2486
132 348 3253
132 350 4407
132 394 4577
132 437 3600
132 438 3099
132 477 4091
132 478 4511
133 141 3462
133 159 4637
133 198 2555
133 216 3075
133 231 971
133 243 397
133 268 2739
133 296 294
133 302 3452
133 385 4786
133 416 4401
133 470 2841
133 483 1696
134 143 4096
134 149 4326
134 196 2420
134 226 2398
134 231 2313
134 237 4914
134 262 677
134 271 589
134 305 2937
134 360 3235
134 361 2014
134 376 3297
134 426 656
134 446 2871
134 458 3081
134 463 2904
134 494 472
134 495 4887
135 135 1540
135 166 1177
135 178 511
135 227 1972
135 231 56
135 237 1044
135 239 2809
135 262 2428
135 274 1043
135 294 4752
135 343 751
135 349 1223
135 353 2809
135 365 1418
135 406 4413
135 414 4566
135 455 4272
135 457 3551
135 463 1850
135 469 458
136 172 736
136 195 2345
136 215 1878
136 221 2092
136 254 1162
136 282 4158
136 283 184
136 309 3794
136 313 4268
136 338 641
136 358 3975
136 364 4663
136 389 1929
136 397 232
136 436 684
136 448 4853
136 460 3312
136 464 2221
136 498 3282
137 146 501
137 196 538
137 211 2973
137 297 4971
137 303 4708
137 308 905
137 354 1363
137 373 3289
137 374 3415
137 377 3860
137 382 305
137 402 838
137 403 2262
137 414 3531
137 438 3038
137 462 4223
137 486 1602
138 160 3523
138 166 2907
138 177 659
138 217 3395
138 237 1336
138 239 586
138 246 1266
138 258 933
138 288 3433
138 289 1878
138 308 2732
138 321 3016
138 340 2744
138 365 2762
138 405 2952
138 442 4731
138 455 2756
138 477 795
138 484 2373
138 485 2030
138 489 4041
138 497 122
139 159 2895
139 179 1418
139 214 3211
139 216 1218
139 221 4687
139 231 3064
139 378 3832
139 384 3701
139 403 639
139 416 1526
139 442 2330
139 463 2319
139 465 4165
139 483 1514
139 497 2168
140 141 4697
140 145 3800
140 151 3187
140 230 33
140 234 52
140 254 2986
140 273 1799
140 284 182
140 404 2126
140 441 1678
140 451 1118
140 464 1425
140 470 2217
140 477 4050
140 492 232
141 192 2717
141 219 2129
141 245 1287
141 259 3108
141 260 2719
141 264 11
141 352 3888
141 354 4272
141 359 3523
141 370 839
141 375 950
141 384 1261
141 386 568
141 415 3580
141 477 2571
141 483 2140
142 173 2101
142 176 2153
142 181 2810
142 203 3931
142 207 4226
142 236 251
142 274 3820
142 302 1474
142 359 1168
142 407 2104
142 438 4360
142 479 4299
142 486 3285
142 491 4069
143 167 2031
143 189 4143
143 205 2789
143 207 2159
143 220 4265
143 228 491
143 248 1862
143 287 3305
143 294 4314
143 305 701
143 323 224
143 336 1325
143 381 3672
143 391 4009
143 402 4950
143 439 905
143 448 3305
143 454 3437
143 455 4375
143 470 2626
143 479 383
144 147 4227
144 172 615
144 219 3015
144 281 3412
144 284 2196
144 292 1767
144 378 3891
144 423 4882
144 435 1339
144 450 1904
144 451 3833
144 468 106
144 497 1979
145 153 3805
145 161 467
145 220 4346
145 259 1349
145 265 2279
145 272 3593
145 284 2059
145 285 3952
145 320 377
145 373 3328
145 383 1979
145 391 2026
145 479 2609
146 193 2893
146 197 2659
146 219 3256
146 257 3600
146 263 3570
146 270 2651
146 287 2524
146 311 1116
146 320 1178
146 363 1461
146 371 4614
146 377 3702
146 418 1097
146 438 925
147 164 2004
147 181 2905
147 198 3494
147 227 285
147 247 433
147 293 3131
147 315 990
147 344 260
147 379 755
147 409 1644
147 417 3342
147 424 1628
147 432 1514
147 436 917
147 440 547
147 486 4956
148 184 3278
148 191 2267
148 205 1808
148 261 747
148 272 1012
148 291 2105
148 322 3276
148 327 3480
148 344 2344
148 357 999
148 366 3923
148 367 2975
148 391 2593
148 406 2638
148 444 4458
148 447 4485
149 186 1746
149 230 3537
149 240 1958
149 248 915
149 262 650
149 332 530
149 344 2138
149 389 841
149 395 867
149 407 4971
149 430 670
149 458 2052
149 481 1534
149 482 2653
150 154 734
150 168 4843
150 225 4847
150 250 2265
150 254 815
150 265 1745
150 269 3947
150 298 4784
150 299 576
150 333 2814
150 339 4372
150 401 2028
150 466 3003
150 467 4594
150 499 1961
151 198 2168
151 259 591
151 264 2160
151 279 694
151 292 430
151 329 2660
151 335 1719
151 386 332
151 423 1029
151 453 37
151 462 1686
151 468 1667
151 479 334
151 496 4422
152 165 1382
152 217 258
152 230 2176
152 245 556
152 313 2082
152 323 2114
152 332 1653
152 401 242
152 403 3890
152 415 4474
152 420 1142
152 425 1409
152 443 3628
152 467 1079
152 476 3830
152 499 1306
153 161 175
153 193 1788
153 196 4095
153 242 3090
153 261 4889
153 281 1859
153 311 2660
153 314 4818
153 451 4813
153 454 2763
153 489 1209
153 495 1703
154 207 2632
154 238 4892
154 248 1417
154 251 2303
154 266 177
154 278 4670
154 304 1131
154 313 2816
154 326 984
154 395 4649
154 407 330
154 448 4769
155 186 4578
155 213 1576
155 222 788
155 224 1263
155 240 1625
155 274 2813
155 279 879
155 322 2631
155 386 4035
155 398 798
155 433 3184
155 456 3099
155 493 1906
156 171 113
156 182 162
156 183 1852
156 196 1250
156 210 3093
156 224 80
156 236 800
156 249 18
156 252 2576
156 322 2787
156 336 1046
156 350 4127
156 355 3286
156 359 4547
156 378 4617
156 393 2004
156 398 7
156 451 3845
156 471 2
156 474 165
156 481 4635
156 486 1396
157 157 3799
157 304 3539
157 317 485
157 318 4186
157 353 1065
157 358 4722
157 385 4290
157 388 501
157 416 655
157 441 4643
157 454 1217
157 458 1749
158 183 1523
158 205 18
158 252 4340
158 255 3066
158 278 4273
158 344 2080
158 346 2080
158 414 2152
159 177 372
159 181 598
159 228 4267
159 257 1197
159 275 63
159 293 613
159 298 589
159 326 4576
159 371 3272
159 378 2518
159 409 2511
159 439 747
159 459 4530
160 166 56
160 195 3055
160 255 335
160 260 4484
160 288 3940
160 315 53
160 316 1690
160 326 1238
160 337 2664
160 376 544
160 384 3391
160 453 205
160 459 4051
160 475 4262
160 486 454
161 179 4773
161 189 3416
161 215 3946
161 273 18
161 306 2589
161 316 1476
161 317 4439
161 366 3149
161 386 3619
161 410 670
161 444 4584
161 470 3638
162 180 1613
162 185 1328
162 246 1383
162 263 421
162 282 3502
162 366 2833
162 380 1196
162 406 3313
162 448 2307
162 452 300
162 478 3356
162 489 2869
162 498 111
163 173 3046
163 211 4143
163 227 4357
163 268 471
163 284 782
163 293 4578
163 298 3168
163 366 1694
163 385 1326
163 399 1850
163 436 4307
163 440 2593
163 444 3600
163 475 1045
163 489 485
164 184 1893
164 191 3915
164 217 4721
164 252 3510
164 253 4225
164 260 3831
164 287 4336
164 308 1825
164 402 3938
164 407 457
164 435 3102
164 449 2409
164 463 3226
164 487 4186
164 495 3624
164 499 1247
165 186 3190
165 211 3892
165 229 3437
165 256 2482
165 295 3885
165 311 3526
165 316 4675
165 324 3914
165 330 154
165 343 3937
165 353 3571
165 364 741
165 366 987
165 387 3367
165 397 734
165 436 4668
165 444 803
165 497 492
166 218 1042
166 223 3855
166 224 4510
166 265 4946
166 280 1175
166 300 3936
166 332 891
166 335 1779
166 375 4960
166 376 4498
166 433 2681
166 437 244
167 195 2110
167 213 2878
167 245 782
167 285 4349
167 290 1577
167 306 579
167 309 739
167 343 3534
167 358 3679
167 368 1711
167 404 4337
167 432 3692
167 473 1330
168 248 1427
168 249 2075
168 279 1528
168 293 768
168 299 681
168 389 3298
168 409 229
168 464 4896
168 486 1495
168 499 1990
169 177 3388
169 196 4390
169 197 3977
169 198 1467
169 201 2185
169 220 1542
169 251 1643
169 268 3382
169 284 854
169 359 4276
169 363 415
169 373 4625
169 384 1141
170 199 2811
170 200 3746
170 236 2633
170 302 1775
170 313 318
170 325 4984
170 327 4214
170 362 4652
170 372 2607
170 415 389
170 416 2617
170 475 2368
171 222 112
171 241 635
171 262 2078
171 267 4085
171 293 677
171 295 3324
171 320 1689
171 328 3770
171 339 2289
171 348 1329
171 349 2856
171 451 519
171 459 4372
171 466 2080
171 492 2817
171 499 3569
172 182 3269
172 219 4148
172 249 391
172 266 2504
172 273 3927
172 288 633
172 297 559
172 320 1290
172 323 1506
172 327 4788
172 387 2566
172 420 3540
172 423 471
172 441 2174
172 448 4841
173 227 1795
173 254 257
173 304 4206
173 346 2626
173 365 1121
173 392 2982
173 483 3236
173 492 4804
174 212 89
174 253 495
174 367 1985
175 190 2283
175 199 2389
175 209 1915
175 229 1735
175 251 1660
175 269 1844
175 280 3526
175 283 124
175 335 1846
175 340 2303
175 401 1666
175 407 1052
175 445 3484
175 472 4562
175 477 3945
176 218 3937
176 256 1959
176 257 3663
176 259 2804
176 266 3530
176 301 4416
176 314 2353
176 357 987
176 364 1761
176 391 1163
176 445 521
176 452 3662
177 227 1893
177 231 1501
177 238 2430
177 284 2252
177 313 2700
177 333 4678
177 383 2692
177 396 4789
177 398 4426
177 403 3027
177 429 4235
177 440 2617
177 456 114
177 494 3738
178 256 4656
178 266 4731
178 270 3809
178 282 718
178 283 4776
178 294 3354
178 318 4343
178 321 552
178 325 938
178 421 1541
178 458 3343
178 493 3241
179 195 4250
179 216 1724
179 219 3771
179 221 1235
179 225 1654
179 229 4870
179 238 4977
179 254 4166
179 260 2649
179 302 1737
179 339 2372
179 355 1987
179 357 3432
179 380 739
179 386 402
179 399 3733
179 424 2859
179 438 4084
179 461 280
179 485 3937
180 216 28
180 218 3098
180 274 526
180 276 2568
180 308 4678
180 320 3948
180 330 3708
180 331 2453
180 359 3046
180 368 346
180 388 865
180 417 4682
180 431 1795
180 456 1325
180 457 169
180 459 4716
180 490 3116
181 185 1005
181 186 2002
181 209 4996
181 228 1671
181 242 3183
181 244 4190
181 258 2845
181 277 215
181 281 4132
181 313 3926
181 320 2271
181 376 3948
181 381 4960
181 402 2367
182 198 1143
182 210 3440
182 278 1012
182 324 238
182 346 2485
182 414 2093
182 451 3918
182 484 1829
182 491 4042
183 188 270
183 201 4571
183 203 1240
183 224 3523
183 236 3406
183 248 522
183 272 3606
183 345 1031
183 414 2000
183 429 2958
183 446 2491
183 455 4001
183 473 4958
183 487 535
183 492 975
184 205 1685
184 210 4861
184 219 3028
184 279 2564
184 288 4402
184 308 510
184 310 584
184 315 2455
184 363 4114
184 374 1194
184 384 1092
184 390 3495
184 436 3562
184 469 1288
184 497 3954
185 198 2088
185 278 1761
185 279 650
185 373 4007
185 382 3373
185 386 1119
185 415 2860
185 448 4371
185 451 1194
185 480 2423
185 497 2005
186 198 4390
186 201 346
186 222 1127
186 224 4377
186 300 234
186 318 3640
186 333 2549
186 347 821
186 382 3683
186 392 3403
186 403 2682
186 419 2341
186 430 2096
186 442 271
186 493 968
186 495 599
187 213 2966
187 246 2044
187 257 1890
187 285 3148
187 294 4451
187 330 4787
187 356 4847
187 410 4166
187 435 4852
187 446 342
187 482 2643
187 490 2104
188 208 2883
188 241 2144
188 246 4209
188 296 4960
188 345 3848
188 390 4700
188 394 1586
188 423 3276
188 474 682
188 477 2457
189 221 548
189 222 3159
189 239 1363
189 244 1911
189 283 2383
189 295 3641
189 310 3653
189 321 3904
189 326 3042
189 331 4273
189 385 3794
189 388 904
189 403 2492
189 416 1019
189 447 484
189 462 1589
190 211 4593
190 251 4096
190 310 2374
190 396 2832
190 404 3234
190 412 3630
191 201 1679
191 208 3590
191 224 1811
191 237 2868
191 247 4994
191 262 2782
191 281 4244
191 308 636
191 315 4258
191 319 2091
191 320 3389
191 336 3831
191 379 2050
191 396 3220
192 197 3860
192 200 2987
192 252 4965
192 259 2206
192 267 2716
192 319 4683
192 330 259
192 350 2850
192 372 954
192 373 1791
192 387 3423
192 419 340
192 426 3127
192 439 3389
192 451 1433
192 458 1725
192 468 378
193 210 327
193 239 4716
193 244 357
193 296 429
193 299 4074
193 352 2384
193 367 1709
193 399 3960
193 404 2063
193 420 1680
193 425 972
193 434 3287
193 455 1473
194 196 1813
194 223 3555
194 232 4417
194 250 4503
194 258 3838
194 314 1489
194 340 4763
194 352 11
194 360 821
194 366 3708
194 367 3517
194 385 3137
194 391 4225
194 413 367
194 419 4171
194 440 3796
194 459 338
195 204 1530
195 285 3200
195 366 2960
195 414 2959
195 452 2976
195 461 920
195 467 1304
195 482 2707
195 498 2762
196 243 4651
196 265 941
196 292 704
196 320 1173
196 415 4514
196 441 4415
196 492 841
196 496 4490
197 207 2322
197 235 848
197 257 2861
197 280 3194
197 282 1246
197 288 3972
197 297 657
197 338 4632
197 365 1993
197 391 2432
197 407 1022
197 452 4048
197 467 4977
197 493 4541
198 202 561
198 214 3820
198 227 867
198 248 2783
198 283 4039
198 317 1516
198 384 1009
198 389 3449
198 403 2676
198 424 2034
198 434 4083
198 439 4050
198 468 3126
198 488 3730
199 216 4739
199 228 3842
199 239 3775
199 247 240
199 259 758
199 283 4186
199 308 2448
199 321 3704
199 352 1453
199 365 3034
199 366 1010
199 392 2628
199 400 1822
199 417 3907
199 444 363
199 454 1974
200 216 3756
200 229 2091
200 280 3141
200 318 3827
200 319 4898
200 320 1664
200 335 4326
200 368 1319
200 395 1847
200 442 1577
200 462 531
200 496 587
200 498 1729
201 233 280
201 262 1948
201 333 3220
201 341 1055
201 350 4242
201 359 2437
201 380 3612
201 386 3373
201 389 4180
201 395 1263
201 429 68
201 432 180
201 470 4580
201 498 1064
202 210 1990
202 252 2180
202 254 4066
202 275 454
202 312 3291
202 355 4625
202 404 2406
202 436 4290
202 445 3491
202 459 2956
203 286 2253
203 302 2711
203 367 3807
203 398 2012
203 405 581
203 423 1149
203 438 1579
203 487 3383
203 490 1678
203 497 3915
204 205 3955
204 231 1768
204 244 1196
204 290 2638
204 395 2196
204 405 1881
204 412 1273
204 432 1772
205 266 2184
205 273 1499
205 274 4751
205 310 3332
205 324 587
205 341 4771
205 344 3240
205 354 3671
205 372 4894
205 399 3253
205 411 2463
205 415 779
205 438 395
205 498 4404
206 225 942
206 290 101
206 296 1688
206 307 2636
206 325 3043
206 348 2839
206 380 2726
206 396 1499
206 423 1214
206 488 1125
206 494 4933
206 498 2250
207 209 2474
207 214 4647
207 263 4408
207 289 2127
207 309 1950
207 315 23
207 321 3716
207 345 2364
207 427 2579
207 447 4156
207 473 63
207 476 1701
208 258 1058
208 266 3513
208 329 4903
208 358 331
208 386 599
208 419 92
208 421 572
208 432 4000
208 454 217
209 224 591
209 236 2216
209 254 4218
209 314 1824
209 357 113
209 363 4686
209 425 851
209 428 4041
209 488 3678
210 224 1408
210 245 887
210 249 3406
210 279 3807
210 285 3140
210 300 80
210 309 4836
210 352 2619
210 429 2186
210 462 1363
210 481 1403
211 226 2944
211 316 3759
211 456 3642
211 457 2493
211 497 1503
212 215 2189
212 218 2250
212 242 319
212 327 332
212 337 3987
212 339 3039
212 340 4848
212 346 481
212 364 3983
212 384 3368
212 400 266
212 404 1699
212 453 3326
212 455 281
212 474 4353
213 236 207
213 247 1646
213 252 2363
213 313 3584
213 324 2442
213 335 2
213 361 4519
213 367 1591
213 386 4428
213 424 1942
213 432 2402
213 484 1715
214 226 1109
214 328 4491
214 365 1749
214 370 933
214 377 4820
214 400 4296
214 407 4327
214 425 2912
214 428 1047
214 470 4931
215 279 1917
215 351 3862
215 358 4974
215 363 1503
215 398 1589
215 424 1878
215 447 546
215 460 1446
215 474 3915
215 478 1445
215 484 4761
216 271 3002
216 306 2903
216 334 2892
216 350 722
217 226 3218
217 234 4506
217 235 2300
217 318 3441
217 351 3534
217 360 1972
217 366 57
217 386 3804
217 395 3659
217 399 3607
217 436 2304
217 441 2865
217 464 321
217 479 3657
217 480 4559
217 487 1600
217 490 4521
217 491 3576
218 236 2206
218 298 1341
218 329 1620
218 341 736
218 363 743
218 448 1257
218 466 4305
219 262 4246
219 270 3371
219 271 3900
219 311 736
219 392 4621
219 403 3057
219 415 266
219 478 3199
219 499 369
220 233 1796
220 244 2129
220 297 3725
220 326 1399
220 355 2049
220 378 602
220 397 1954
220 419 1013
220 439 108
220 443 392
220 460 2658
220 497 2636
221 268 969
221 325 788
221 338 571
221 344 691
221 384 3412
221 387 564
221 393 2785
221 447 3188
221 448 1187
221 468 837
221 470 4446
222 223 1428
222 258 1582
222 262 277
222 266 538
222 267 107
222 281 244
222 315 4773
222 337 3246
222 339 4962
222 342 3585
222 415 206
222 427 4636
222 441 1510
222 468 4723
222 488 1686
223 232 4524
223 244 3105
223 259 2363
223 323 993
223 332 972
223 382 1871
223 390 3287
223 425 377
223 440 2019
223 477 158
223 493 2138
223 499 954
224 225 4832
224 231 124
224 245 2058
224 292 4133
224 335 642
224 347 2480
224 369 3052
224 394 3060
224 478 2680
225 226 47
225 239 3897
225 260 2751
225 286 4485
225 289 4377
225 317 502
225 334 1338
225 368 4543
225 390 2204
225 463 4942
226 306 2049
226 314 4104
226 330 117
226 335 2511
226 337 4472
226 379 3060
226 381 4300
226 402 4437
226 426 1773
226 440 3097
226 457 2052
226 474 1840
226 478 1444
227 233 2516
227 240 2279
227 267 4732
227 357 1818
227 373 2905
227 374 4211
227 376 3918
227 382 1446
227 415 2610
227 438 4106
227 448 2864
227 480 2277
227 495 3928
228 244 3346
228 245 2735
228 254 2380
228 256 3059
228 280 4323
228 353 1646
228 390 4149
228 428 2991
228 467 3574
228 473 2655
229 251 507
229 257 1051
229 278 4301
229 280 4326
229 314 2270
229 366 4677
229 425 563
229 429 2720
229 443 1073
229 476 3229
230 359 1440
230 388 3276
230 417 595
230 423 3399
230 424 529
230 439 1050
230 453 3698
230 455 487
230 483 2353
230 489 1494
231 243 1994
231 260 1507
231 272 2792
231 288 206
231 290 3030
231 351 3515
231 391 1347
231 392 1480
231 395 2143
231 398 1133
231 400 509
231 424 4175
231 444 2223
231 454 4937
231 487 758
232 236 548
232 287 3362
232 311 3965
232 318 2596
232 324 4356
232 447 4409
232 477 2485
233 245 669
233 254 3748
233 256 30
233 261 1146
233 285 765
233 299 3432
233 344 3946
233 345 162
233 441 2510
233 444 2733
233 446 4776
233 479 636
233 493 2459
234 261 3025
234 264 4470
234 265 3005
234 312 2590
234 334 2093
234 378 2600
234 421 4390
234 435 1996
234 468 3950
234 472 4615
234 484 3910
234 492 1034
235 313 1943
235 317 43
235 337 1532
235 389 161
235 391 2209
235 398 3172
235 399 4143
235 405 483
235 427 971
235 470 2958
235 485 3189
235 494 4606
235 499 2193
236 266 1775
236 321 4133
236 377 594
236 405 1689
236 408 63
236 456 1520
236 464 368
236 481 2245
237 243 915
237 310 3540
237 313 1384
237 336 3820
237 337 2476
237 406 2354
237 416 4705
237 495 1184
238 257 36
238 320 2506
238 324 1266
238 353 2516
238 376 3680
238 419 4844
238 422 1570
238 433 2574
238 484 3383
238 492 386
239 266 4385
239 277 2440
239 320 4852
239 330 83
239 336 4302
239 344 3070
239 348 1087
239 356 3289
239 374 604
239 438 1620
239 448 3291
240 242 3907
240 264 3357
240 305 404
240 312 1688
240 327 3656
240 342 1165
240 348 1294
240 351 3467
240 399 4013
240 402 185
240 406 4808
240 416 2543
240 433 300
240 467 1767
240 470 3265
240 474 704
241 263 3501
241 264 4903
241 282 3193
241 298 3283
241 322 4001
241 342 4598
241 346 750
241 363 1739
241 462 3785
241 476 3078
242 354 1526
242 412 431
242 440 4313
243 278 316
243 347 3471
243 384 4000
243 399 2910
243 414 199
243 428 2143
243 442 3807
243 448 4542
243 483 920
243 488 4495
244 244 243
244 252 3126
244 267 4610
244 281 222
244 306 827
244 336 3900
244 391 1352
244 403 3625
244 422 2519
244 437 2120
244 467 1481
245 263 278
245 268 3189
245 328 4092
245 338 3872
245 388 507
245 422 1480
245 458 4577
245 491 3386
245 494 1080
246 252 1625
246 284 3088
246 303 4668
246 367 1066
246 397 4814
246 417 2259
246 447 211
246 471 3015
246 472 3237
246 476 4966
247 252 4406
247 279 4605
247 325 3342
247 331 4120
247 353 668
247 358 1379
247 423 942
247 472 564
247 475 3704
248 269 1115
248 330 2414
248 380 4899
248 434 991
248 462 1681
249 256 3036
249 267 1669
249 285 3620
249 298 1893
249 316 2108
249 331 1363
249 340 3585
249 377 402
249 387 1752
249 417 598
249 453 2092
249 460 4940
249 472 4016
250 254 4465
250 267 405
250 293 4484
250 316 2920
250 322 814
250 371 3116
250 379 4724
250 393 644
250 423 1348
250 425 4633
251 288 4468
251 312 1883
251 320 258
251 335 4253
251 351 3685
251 352 2589
251 360 3675
251 361 3747
251 365 4447
251 372 1539
251 386 1061
251 422 1103
251 438 2128
251 445 1736
252 258 4074
252 274 735
252 301 1481
252 303 1910
252 321 2851
252 382 3624
252 396 2430
252 438 2246
252 470 962
253 289 734
254 256 4908
254 289 2673
254 290 3049
254 375 4802
254 383 317
254 454 1425
254 470 367
254 488 3111
255 374 253
256 265 1733
256 290 472
256 297 2151
256 302 4279
256 307 3103
256 336 857
256 349 917
256 364 4447
256 365 3206
256 373 1358
256 439 3432
256 482 1042
256 491 1705
256 495 1940
257 288 3255
257 304 4832
257 358 218
257 379 1053
257 425 948
257 447 4505
257 457 2131
257 468 4115
257 478 3876
257 486 3357
258 311 1860
258 315 388
258 343 4811
258 349 476
258 410 2252
258 420 3399
258 446 2820
258 450 3653
258 489 3920
258 493 1274
258 496 3833
259 264 1062
259 270 2999
259 313 3676
259 329 3970
259 333 1431
259 383 4152
259 407 485
260 354 38
260 359 98
260 400 2903
260 402 2149
260 437 3521
260 444 2781
260 449 464
260 463 1042
261 307 1610
261 314 3152
261 336 4467
261 383 4927
261 428 3069
261 489 1206
261 498 3163
262 344 3396
262 347 3677
262 402 638
262 407 354
262 458 3162
262 468 4562
262 486 1828
263 267 1338
263 287 4520
263 290 557
263 291 3014
263 331 4595
263 355 1924
263 360 671
263 371 4584
263 423 421
263 443 2028
263 469 2088
263 482 215
263 493 1665
263 498 2103
264 268 4991
264 270 144
264 286 2584
264 289 2416
264 293 1104
264 310 1017
264 315 3104
264 327 4
264 332 3271
264 336 1517
264 353 801
264 393 2736
264 398 2614
264 450 432
264 454 1117
264 464 199
264 477 942
264 481 2780
265 271 1511
265 310 3821
265 329 1423
265 388 4156
265 392 3255
265 394 4047
265 463 2918
265 464 3012
265 491 936
265 493 560
265 497 70
266 268 478
266 298 4422
266 306 3215
266 356 1873
266 376 2659
266 388 3291
266 403 554
266 415 27
266 435 1011
266 450 3187
266 474 1856
266 492 285
267 380 705
267 391 1684
267 392 3025
267 408 4285
267 440 4941
267 441 733
267 452 4815
267 458 4215
267 459 4487
267 466 1928
267 489 2330
268 271 1804
268 283 173
268 347 562
268 367 1494
268 384 3110
268 408 4689
268 412 4150
268 426 3812
268 436 3267
268 460 1713
268 470 184
268 491 733
269 272 4710
269 315 1060
269 320 4355
269 347 2546
269 367 3438
269 368 1215
269 393 3855
269 418 3741
270 276 2820
270 278 2254
270 333 478
270 415 160
270 460 2958
270 486 4944
271 288 89
271 303 1811
271 329 2350
271 378 4208
271 449 4362
271 462 1371
271 481 4260
271 498 3946
272 285 1230
272 291 3364
272 328 851
272 359 1998
272 368 4837
272 391 1951
272 402 298
272 414 4066
272 438 1976
272 486 175
272 499 4975
273 326 1455
273 349 4356
273 354 430
273 397 2706
273 406 2321
273 433 4831
273 456 3927
274 306 3123
274 307 4415
274 333 2937
274 355 3486
274 369 2348
274 372 3645
274 390 4110
274 467 1679
274 497 2434
275 275 1906
275 281 4517
275 326 2918
275 349 2184
275 412 3949
275 417 4010
275 441 3491
276 298 215
276 325 2551
276 331 441
276 354 2392
276 383 3826
276 387 3965
276 395 3238
276 422 2737
276 427 4087
276 435 2544
276 456 4640
277 283 283
277 287 147
277 319 849
277 346 2076
277 361 3208
277 373 71
277 397 1080
277 421 2368
277 453 563
277 457 1739
277 482 2537
277 483 464
277 485 4272
277 491 4901
278 286 2602
278 304 4508
278 354 4623
278 418 1913
278 428 2437
278 454 2612
278 479 2377
279 314 1602
279 375 2426
279 391 1654
279 452 4016
279 475 98
279 476 1608
280 334 164
280 370 1885
280 411 4182
280 438 1978
280 466 1398
280 476 1057
281 291 721
281 311 28
281 324 1338
281 369 440
281 391 2962
281 397 994
281 416 4195
281 419 1534
281 446 4187
281 472 1645
281 490 2935
281 494 2536
282 310 2228
282 336 3357
282 340 4567
282 361 4081
282 377 3295
282 415 3040
282 416 4737
282 419 1618
282 425 3280
282 432 1659
282 469 1792
282 475 2350
282 480 1740
282 488 182
283 338 897
283 352 3191
283 369 2364
283 377 76
283 390 4175
283 393 2597
283 401 3275
283 444 1226
283 449 3730
283 454 2900
283 470 2888
283 487 201
283 492 1935
284 318 4014
284 319 54
284 351 3363
284 383 3497
284 387 398
284 396 918
284 432 2344
284 453 798
284 466 4954
284 476 2718
285 298 3404
285 369 1628
285 389 1678
285 392 13
285 406 441
285 413 3919
285 434 4965
285 448 2923
285 457 4535
285 462 1284
285 463 604
285 486 969
285 487 1340
286 310 4711
286 312 113
286 315 1983
286 323 815
286 362 1813
286 364 3531
286 366 3690
286 398 1532
286 438 562
286 443 2518
286 450 511
286 456 4708
286 457 598
286 484 3035
287 306 112
287 335 2229
287 361 2165
287 380 1491
287 390 4897
287 399 3360
287 414 1172
287 461 2942
287 468 4217
287 497 790
288 334 4768
288 343 1959
288 372 847
288 432 4882
288 436 3162
288 440 452
288 456 1809
288 462 989
288 473 1135
288 486 4121
288 497 4887
289 390 2888
289 432 1172
289 434 94
289 499 1282
290 316 3511
290 332 1265
290 353 555
290 354 4638
290 359 2922
290 365 4228
290 386 4272
290 498 3744
291 316 2812
291 346 2029
291 396 2936
291 433 3308
291 461 406
291 477 3579
291 490 955
292 335 4661
292 339 3239
292 376 1686
292 380 4888
292 388 2605
292 430 1285
292 454 4177
292 472 1192
292 478 2558
292 486 3179
292 494 302
293 305 4055
293 360 2324
293 387 1841
293 469 1772
293 484 990
293 489 2990
294 381 1554
294 405 2708
294 433 3169
294 443 4358
294 469 170
294 476 1506
294 495 2211
295 305 1886
295 337 1418
295 349 3234
295 354 2517
295 373 235
295 401 1010
295 458 3462
295 493 2966
296 388 3657
296 396 5
296 421 4332
296 445 1910
297 335 4781
297 336 3025
297 345 1679
297 350 2029
297 441 4498
297 452 3343
297 458 381
297 465 4816
297 468 1284
297 469 3974
297 470 88
298 321 375
298 361 3095
298 418 4448
298 433 4492
299 321 859
299 354 319
299 397 3855
299 423 1376
299 433 1497
300 301 803
300 304 376
300 370 4422
300 427 3046
300 436 1089
300 441 4258
301 313 1517
301 361 1681
301 369 1991
301 394 3855
301 464 836
302 303 2208
302 317 678
302 342 966
302 361 3937
302 362 3468
302 390 704
302 401 1469
302 415 4562
302 428 2286
302 446 1721
302 450 4415
302 467 170
302 475 1040
302 483 2209
302 486 1835
303 372 4004
303 381 1977
303 416 2549
303 423 2491
303 455 3797
303 461 2180
303 464 3624
303 473 2111
303 488 1558
304 325 1436
304 359 2067
304 364 4652
304 368 793
304 420 3983
304 424 1527
304 446 4599
304 498 4151
305 332 3027
305 333 3721
305 341 2720
305 357 3075
305 372 503
305 385 1068
305 430 3859
305 443 255
305 458 383
305 462 3999
305 465 1214
305 476 2132
306 366 4200
306 413 3117
306 421 2192
307 309 3161
307 323 2011
307 330 3451
307 335 4213
307 426 1507
307 443 4111
307 455 4580
307 471 3497
307 477 4160
308 325 2507
308 352 2539
308 387 3272
308 447 718
309 316 2590
309 351 4659
309 392 3589
309 412 3097
309 425 1001
309 457 1189
309 479 4300
310 326 764
310 339 4284
310 373 3392
310 388 60
310 403 4306
311 384 2035
311 410 4348
311 411 3623
311 422 4818
311 451 3268
311 484 1264
312 326 3521
312 340 2071
312 343 3526
312 344 1194
312 379 2430
312 390 2565
312 402 733
312 463 2029
313 348 3152
313 378 1010
313 397 2593
313 402 4794
313 427 2704
313 444 4924
313 449 3153
313 466 4370
313 489 1030
314 350 4054
314 360 221
314 436 1876
314 442 3571
314 446 454
314 471 1469
315 327 4277
315 338 2462
315 368 4016
315 416 3655
315 428 2533
315 466 4103
316 332 3751
316 350 482
316 363 4716
316 374 3075
316 399 3923
316 431 3712
316 459 4136
316 483 2677
316 496 1279
317 321 3685
317 322 3649
317 364 1448
317 418 2080
317 447 1248
317 474 3888
317 485 4008
317 490 3437
318 335 1722
318 343 1409
318 362 375
318 427 3612
318 479 4985
319 357 3473
319 363 2754
319 379 3628
319 410 3912
319 415 1149
319 424 4443
319 448 1931
319 474 1020
319 490 410
320 327 3535
320 337 3660
320 364 4768
320 409 3795
320 430 3507
320 463 263
320 489 3999
321 340 3746
321 347 59
321 375 948
321 412 3990
321 430 3652
321 482 4971
322 335 822
322 336 3038
322 348 1917
322 363 3399
322 408 796
322 479 879
322 493 870
323 366 2271
323 409 1235
323 441 2753
323 451 927
323 462 4863
324 325 1387
324 333 958
324 336 4628
324 354 2882
324 405 2633
324 408 4662
324 460 3078
324 481 361
324 496 2378
325 337 2570
325 345 4348
325 359 4131
325 378 1841
325 490 1421
326 352 563
326 356 1834
326 398 2130
326 424 984
326 439 2966
326 494 3266
327 348 732
327 350 30
327 391 1568
327 401 791
327 402 776
327 404 2379
327 425 90
327 478 470
327 486 4201
328 339 2625
328 399 3131
328 412 1810
328 422 2812
328 424 987
328 445 4810
328 492 3656
329 340 2617
329 344 640
329 345 426
329 346 2546
329 349 4532
329 354 236
330 382 3854
330 393 2290
330 399 2746
330 416 3937
330 450 1650
330 498 4361
331 348 1455
331 436 3919
331 486 4767
332 336 3990
332 415 3790
332 451 2146
332 463 635
332 472 3238
332 482 2957
333 346 3558
333 350 4123
333 466 706
333 467 3644
334 354 2057
334 426 2823
334 435 2393
335 363 4696
335 396 1459
335 397 1338
335 427 3350
335 431 2187
335 451 2467
335 453 2306
335 481 455
336 341 1791
336 363 3503
336 390 4351
336 395 2198
336 431 3685
336 451 193
336 457 1252
336 499 2994
337 406 1988
337 414 3615
337 423 1515
337 428 4483
337 431 541
337 440 747
337 447 1073
337 457 2374
337 465 4753
338 363 2325
338 464 3695
338 475 4869
339 346 2190
339 366 1510
339 383 2261
339 407 2102
339 433 4252
339 438 1537
339 442 2838
339 457 2624
339 469 3337
339 497 4845
339 499 795
340 383 89
340 416 391
341 348 2998
341 353 1571
341 397 886
341 404 1083
341 429 3694
342 379 423
342 396 782
342 405 1213
342 459 3634
342 467 1591
343 355 914
343 364 3489
343 367 898
343 396 4943
343 410 565
343 431 1524
344 346 4896
344 355 346
344 385 1766
344 459 4902
344 479 3129
344 496 1030
345 371 3582
345 381 4580
345 382 2603
345 395 4315
345 397 2145
345 417 2137
345 419 1858
345 427 3031
346 351 3921
346 360 3625
346 362 1716
346 451 2776
346 477 2853
346 491 2274
347 375 389
347 390 2344
347 392 892
347 423 4206
347 434 2997
347 479 1198
347 496 1417
348 366 1601
348 404 2656
348 423 84
348 425 3874
348 428 4827
348 448 2473
348 466 562
348 497 3652
349 359 3578
349 385 4741
349 407 1768
349 471 1461
349 480 1730
349 481 3963
349 491 3812
350 356 2145
350 370 1241
350 372 4848
350 373 3279
350 409 3595
350 435 4299
350 442 609
350 471 2175
350 490 4489
351 360 3872
351 424 4471
351 436 2362
351 467 3453
352 387 2451
352 418 823
352 427 1162
352 435 1919
352 449 767
353 421 3027
353 465 3015
354 470 3652
354 481 4688
354 496 985
355 356 941
355 416 1933
355 422 4970
355 465 1542
355 475 3423
355 497 3888
356 385 3011
356 391 1158
356 406 1349
356 434 2325
356 461 4216
357 371 141
357 385 201
357 409 4048
357 463 2848
358 405 151
358 406 3624
358 423 4148
358 439 1885
358 480 1584
359 368 2587
359 392 777
359 404 4436
359 427 3151
359 457 3682
360 372 39
360 429 4234
360 484 292
360 486 4170
361 403 1808
361 443 3702
361 447 3190
361 453 2193
361 463 4042
362 386 479
362 481 633
362 483 832
362 486 3845
362 497 4425
363 409 1350
363 416 407
363 461 1026
363 464 239
363 481 4407
364 370 305
364 398 4122
364 410 2665
364 452 674
364 472 3205
365 365 3919
365 368 2525
365 381 1478
365 407 185
365 447 783
366 385 3333
366 459 1621
366 484 3798
366 494 1546
367 372 16
367 392 3364
367 429 750
368 372 4384
368 410 3353
368 452 1346
368 472 2997
368 483 4089
368 484 4409
369 406 2472
369 409 827
369 417 2243
369 420 2711
369 468 2047
369 476 3884
370 417 819
370 438 904
370 439 1808
370 462 3897
370 479 1501
371 381 3405
371 396 2363
371 420 4431
371 477 4838
371 484 2833
371 493 1414
372 453 599
372 469 3140
373 467 3071
374 377 702
374 387 2811
374 393 3648
374 412 898
374 421 3288
374 491 814
374 494 2485
375 386 2976
375 410 3941
375 418 2454
375 423 552
375 429 4910
375 493 2720
376 392 1845
376 400 795
376 403 4062
376 412 44
376 417 4813
376 419 3516
376 449 4410
376 487 831
376 489 314
377 396 1662
377 401 1177
377 409 262
377 418 4208
377 433 701
377 440 1956
377 451 3367
377 473 1294
377 498 4708
378 399 1689
378 416 463
378 426 1945
378 443 2818
378 452 4838
378 461 1120
379 389 3205
379 407 3487
379 428 822
379 462 2506
379 471 1769
379 485 249
380 384 2646
380 398 4201
380 406 2091
380 412 1074
380 435 1201
380 449 677
380 469 732
380 478 3487
381 395 2292
381 401 602
381 404 3994
381 424 1833
381 463 120
381 465 2950
381 467 3490
381 477 783
381 486 4054
382 382 2006
382 387 1033
382 426 2378
382 449 4137
382 466 1293
382 480 1851
383 390 1185
383 392 2057
383 397 488
383 414 3974
383 424 809
383 434 208
383 457 1649
383 463 2863
383 465 4851
385 385 2955
385 396 1089
385 425 3456
385 492 3537
385 497 2970
386 389 516
386 424 3491
386 458 67
386 464 3388
386 473 1487
387 431 1558
387 456 431
388 426 4674
388 465 3371
388 489 72
389 390 4735
389 416 840
389 481 1124
389 488 1726
390 450 3932
390 495 2156
390 496 1073
391 443 1882
391 449 4406
391 463 4317
391 466 4453
391 468 4183
391 497 4294
392 430 3937
392 439 1131
392 486 2499
393 401 395
393 469 2230
393 484 4073
393 492 3071
394 397 2140
394 419 4849
394 424 583
394 450 3721
394 461 508
394 491 2531
395 410 2761
395 424 2754
395 426 681
395 445 1516
395 448 2226
395 470 3606
395 472 4334
395 481 3104
395 499 425
396 428 1893
396 437 538
396 459 1269
396 469 4637
397 419 887
397 441 4395
399 409 4598
399 443 4022
399 482 4176
400 416 4615
400 459 3436
400 473 1377
400 499 2989
401 433 2154
401 438 251
401 476 321
402 428 270
402 436 3919
402 442 1698
402 445 1552
402 451 4198
402 455 447
402 461 997
402 467 428
402 468 3711
402 469 289
403 450 4501
403 464 2619
403 482 4174
404 415 3139
404 420 2712
404 451 2098
405 472 1311
405 493 1370
405 498 4109
406 449 2013
406 499 1425
407 409 2947
407 416 4450
407 464 2787
407 496 303
408 409 1209
408 436 1506
408 446 432
408 450 2674
408 477 2079
408 496 2905
409 416 4044
409 471 2258
409 498 2459
410 420 3544
410 431 3930
410 460 2979
410 465 3851
410 485 3415
411 417 2229
411 459 1830
412 455 924
412 462 1468
413 419 1625
413 423 2679
413 447 4795
413 467 2740
414 433 4351
414 472 4532
414 485 1890
414 497 4748
415 426 2410
415 463 779
415 468 1122
415 471 78
416 426 3612
416 432 3942
416 465 4732
416 482 4874
417 432 1157
417 443 3005
417 454 3584
417 478 141
418 420 193
418 425 859
418 426 1977
418 471 4302
418 474 1047
418 484 2666
418 498 1383
419 464 3213
419 492 2108
419 498 1986
420 436 2104
420 461 4181
421 422 1067
421 444 1511
421 445 4166
421 473 3903
421 498 4094
422 467 553
422 486 4993
422 492 2214
423 430 366
424 427 1753
424 432 3302
424 436 3539
424 454 3247
424 465 603
424 471 237
424 495 3880
425 434 2862
425 481 3056
426 427 4314
426 453 1796
426 497 4512
427 464 1819
428 471 1042
429 434 706
429 456 1194
429 477 4355
429 479 1318
430 467 2968
430 479 3128
431 455 2616
431 486 4392
433 446 4693
433 455 1694
433 476 1740
434 451 1653
434 455 1771
434 482 969
434 494 1617
435 453 1162
435 458 343
436 443 3403
436 446 2151
436 453 1364
436 468 4258
436 487 1226
437 453 1199
437 467 241
437 490 4521
438 474 4788
439 488 343
440 444 3396
440 457 877
440 461 1205
440 469 4363
441 463 1750
441 473 4898
441 488 1874
442 448 490
442 469 97
442 490 1981
443 486 3797
443 491 2306
444 452 3277
444 458 4087
444 484 3482
445 478 3873
446 485 1678
447 466 3236
447 471 2864
447 493 405
447 495 2545
448 459 4988
448 468 2567
448 473 3592
448 487 585
449 459 362
449 469 3785
449 490 3200
450 455 2942
450 465 3330
450 479 1232
453 486 648
454 457 3803
454 461 163
455 470 2983
456 456 3959
456 482 3460
456 498 2839
457 458 668
457 490 4109
458 460 1431
458 462 2001
458 470 2225
458 486 3840
459 465 4002
459 495 2256
460 473 3645
460 485 4840
460 487 2188
461 468 3961
461 472 4265
461 475 1066
461 498 3764
462 468 2427
462 492 2243
462 494 1148
462 496 2128
463 468 4020
465 493 1610
466 484 4312
467 479 3743
467 494 1997
468 490 4421
469 479 4022
469 480 4284
469 489 2293
469 492 4038
470 473 2293
471 484 4802
471 489 350
471 499 1360
472 478 1626
473 478 2471
473 480 3568
473 485 750
473 497 1240
474 484 3996
475 495 3966
477 487 3910
481 482 2175
482 492 4914
482 493 2065
483 490 2746
488 491 2456
488 497 3806
489 491 2145
490 494 3058
492 498 2829
