120 130 200
0 181
0 242
1 145
1 150
1 172
2 151
2 166
3 138
4 132
4 159
6 123
6 124
6 148
8 175
8 247
9 151
9 153
9 186
10 139
10 188
11 120
12 237
13 189
13 247
14 225
15 155
18 140
18 147
18 187
19 176
19 180
19 194
21 191
21 231
22 153
22 211
23 182
23 196
24 150
26 157
26 224
28 152
28 172
29 166
30 207
30 225
32 163
32 176
32 219
32 244
33 234
34 148
34 149
34 188
34 249
35 157
36 129
36 146
36 181
37 157
37 162
37 208
39 121
39 159
39 168
39 211
40 180
40 247
44 163
44 249
45 141
45 214
45 241
46 219
47 165
47 187
48 199
48 215
50 157
50 189
50 190
50 235
51 209
52 232
52 237
56 247
58 139
58 246
59 164
59 229
59 233
60 126
60 174
60 221
60 228
61 138
62 141
62 144
62 156
62 217
62 246
63 191
64 178
64 188
65 201
67 218
70 120
70 165
71 195
71 212
72 156
72 161
72 173
72 187
74 168
74 174
74 204
75 152
75 170
75 231
76 136
78 133
78 160
78 193
79 168
80 144
80 153
80 172
80 220
81 152
81 153
82 150
82 208
83 163
83 202
83 240
84 166
84 208
85 214
86 181
86 217
87 196
87 220
88 137
89 238
90 121
90 210
90 235
91 209
91 227
92 234
95 171
95 214
96 167
97 127
97 171
98 190
99 135
99 196
99 234
100 145
100 196
101 156
101 180
101 194
101 204
102 134
103 132
104 154
106 176
106 220
108 133
108 165
108 224
109 160
109 161
109 165
109 200
110 183
112 146
112 208
113 219
113 245
114 137
114 158
115 144
115 193
116 179
116 183
116 198
117 130
117 138
117 190
117 197
117 200
117 219
117 234
118 141
118 172
118 179
