95 125 350
0 122
0 135
0 142
0 146
0 165
0 178
1 96
1 216
2 170
3 95
3 127
3 140
4 139
4 142
4 176
4 179
5 142
5 162
5 173
6 207
6 211
7 141
7 172
7 208
8 166
8 219
9 107
9 142
9 148
9 174
9 175
9 203
11 132
11 147
11 184
11 218
12 143
13 122
13 134
13 165
14 115
14 184
14 213
15 97
15 163
15 189
16 158
17 212
18 136
18 202
19 99
19 102
19 132
19 144
19 170
19 208
20 112
20 182
20 215
21 95
21 97
21 127
21 146
21 152
21 161
21 173
21 178
21 182
22 180
22 193
23 96
23 105
23 127
23 163
23 168
24 122
24 142
24 156
24 203
25 111
25 148
25 155
25 171
25 196
26 139
26 157
26 166
26 176
26 194
27 95
27 120
27 128
27 192
27 214
27 215
27 219
28 160
28 164
28 183
28 199
29 110
29 119
29 210
30 99
30 135
30 184
31 183
31 202
31 204
32 102
32 132
32 135
32 179
33 132
33 157
34 99
34 142
34 164
34 186
35 112
35 127
36 138
36 155
36 159
36 166
36 191
36 209
37 147
37 152
37 203
38 114
38 127
38 144
38 164
38 167
38 181
39 124
39 179
40 127
40 131
41 101
41 135
41 143
41 152
41 164
41 192
42 113
42 126
42 136
42 145
42 155
42 182
42 209
43 116
43 136
43 142
43 157
43 179
43 180
44 133
44 192
45 105
45 146
45 167
45 182
45 184
45 195
45 210
47 124
47 128
47 188
47 211
48 106
48 127
48 138
48 175
48 177
48 212
49 107
49 111
49 129
49 204
49 216
50 115
50 140
50 150
50 154
50 162
50 187
50 219
51 176
51 184
51 199
51 211
51 215
51 217
52 125
52 156
52 211
53 131
53 153
53 164
54 126
54 128
54 145
54 210
54 217
55 124
55 163
56 147
56 148
56 155
56 190
56 198
56 204
57 124
57 137
57 140
57 175
58 157
58 205
59 128
59 179
59 204
59 211
59 213
60 168
60 214
61 129
61 191
61 213
62 105
62 109
62 177
63 103
63 116
63 186
64 106
64 135
64 166
64 174
64 219
65 125
65 192
65 208
66 128
66 158
66 169
66 180
68 95
68 98
68 104
69 110
69 115
69 119
69 122
69 134
69 181
69 192
70 99
70 156
70 159
70 192
71 146
71 147
71 161
72 205
73 109
73 112
73 113
73 179
74 103
74 119
74 136
74 186
74 202
74 206
75 97
75 136
75 145
75 162
76 114
76 116
76 126
76 179
76 183
77 164
77 179
77 190
77 208
78 100
78 138
78 144
78 158
79 96
79 128
79 131
79 148
79 170
79 179
80 105
80 170
80 201
81 101
81 122
81 141
81 162
81 164
81 176
81 178
81 189
81 206
82 155
83 162
83 194
83 200
84 98
84 174
85 97
85 168
85 182
85 185
85 209
86 117
86 208
87 120
87 134
87 148
88 103
88 177
89 136
89 139
90 136
90 152
90 163
90 184
90 218
91 95
91 121
91 136
92 126
92 130
92 146
92 182
92 197
92 209
92 218
93 121
94 126
94 145
