30 70 115
0 41
0 73
0 76
0 96
1 56
1 64
1 98
2 42
2 67
2 81
3 52
3 69
4 36
4 77
4 79
4 83
5 68
5 82
5 87
5 99
7 73
7 76
7 90
7 92
8 74
8 91
8 98
9 69
9 74
9 80
10 43
10 48
10 50
10 65
11 46
11 76
12 48
12 60
12 75
12 77
12 83
12 94
12 96
13 51
13 80
14 68
14 72
14 89
14 99
15 41
15 67
15 83
16 68
16 69
16 75
17 80
18 32
18 57
18 71
18 72
18 74
18 75
18 92
19 47
19 48
19 75
19 95
20 49
20 59
20 60
20 67
20 86
20 91
20 95
21 34
21 41
21 47
21 53
21 62
21 71
21 92
22 31
22 54
22 71
22 99
23 44
23 46
23 47
23 81
23 92
24 88
24 93
24 96
25 48
25 51
25 59
25 95
26 59
26 77
26 97
27 31
27 43
27 58
27 59
27 93
27 97
28 36
28 42
28 46
28 59
28 61
28 66
28 67
29 50
29 64
