60 40 140
0 60 
0 61
1 60
1 61
2 60
2 62
3 62
3 63
4 62
4 65
5 64
5 65
5 66
6 66
6 67
7 66
7 68
8 69
9 68
9 69
9 70
10 70
10 71
11 70
11 71
12 70
13 70
13 71
14 71
15 71
16 71
16 72
16 73
16 74
16 75
16 76
17 72
17 73
17 74
17 75
17 76
17 77
17 78
18 78
19 78
19 79
19 80
20 80 
20 81
21 80
21 81
22 80
22 82
23 82
23 83
24 82
24 85
25 84
25 85
25 86
26 86
26 87
27 86
27 88
28 89
29 88
29 89
29 90
30 90
30 91
31 90
31 91
32 90
33 90
33 91
34 91
35 91
36 91
36 92
36 93
36 94
36 95
36 96
37 92
37 93
37 94
37 95
37 96
37 97
37 98
38 98
39 98
39 99
39 60
40 61
41 60
41 61
42 60
42 62
43 62
43 63
44 62
44 65
45 64
45 65
45 66
46 66
46 67
47 66
47 68
48 69
49 68
49 69
49 70
50 70
50 71
51 70
51 71
52 70
53 70
53 71
54 71
55 71
56 71
56 72
56 73
56 74
56 75
56 76
57 72
57 73
57 74
57 75
57 76
57 77
57 78
58 78
59 78
59 79
59 80