120 130 300
0 149
0 219
0 236
1 164
2 237
3 139
3 147
3 150
3 188
4 126
4 188
4 219
4 233
4 238
5 159
6 124
6 151
6 242
7 123
7 128
7 217
8 210
8 230
9 137
9 151
9 171
9 187
9 225
9 246
11 188
11 219
12 122
12 161
12 189
12 200
13 125
14 139
16 135
16 161
16 174
16 195
17 124
17 209
18 128
18 169
19 144
19 193
19 228
19 229
20 167
20 212
20 241
20 249
21 175
21 202
21 220
23 153
23 187
24 169
24 181
24 203
25 136
25 144
25 164
25 242
26 140
27 163
27 166
27 230
27 231
28 137
28 151
28 209
28 249
29 237
30 125
30 185
30 192
30 201
30 229
30 242
31 211
31 213
32 173
32 191
33 143
33 185
34 148
34 173
34 229
34 241
36 168
36 205
37 130
37 135
37 146
37 171
37 188
38 143
38 149
38 159
38 169
38 177
39 125
39 153
39 181
39 218
40 153
40 155
40 233
41 154
42 167
44 123
44 229
44 234
45 209
46 146
46 188
46 199
46 209
46 239
47 173
47 184
48 136
48 212
49 122
49 147
49 188
49 237
49 243
50 187
51 134
51 145
51 209
51 211
51 218
52 248
53 138
54 120
54 122
54 153
54 193
54 201
54 218
54 229
55 227
56 186
56 227
57 132
59 165
59 192
59 202
60 175
60 200
60 225
61 151
61 163
61 165
61 219
62 193
63 156
63 176
63 195
64 126
64 214
65 147
66 200
66 204
67 155
67 189
67 191
67 205
67 207
67 243
68 247
69 125
69 131
69 187
69 222
69 230
71 151
71 201
71 238
71 239
72 144
72 219
73 188
74 123
74 161
74 228
74 235
74 240
75 244
76 203
76 214
76 239
76 241
77 153
77 217
77 224
78 210
79 185
80 135
80 177
81 133
81 141
81 150
82 129
82 132
82 183
82 238
83 190
84 137
84 170
84 212
84 235
84 240
85 130
85 156
86 166
86 184
86 190
86 209
87 144
87 150
87 194
87 222
89 126
89 127
89 239
90 165
90 196
90 203
90 209
91 132
92 213
93 144
93 192
94 209
95 134
95 148
95 204
95 227
96 129
96 224
96 238
97 190
97 202
97 213
97 235
97 245
98 138
98 193
98 235
99 193
100 231
101 133
101 223
102 175
102 179
103 123
103 155
103 163
103 244
104 137
104 153
104 160
104 168
105 134
105 149
105 167
106 145
106 228
106 235
107 122
108 125
108 209
109 179
109 196
111 121
111 144
111 170
111 179
111 207
111 226
112 146
112 170
112 191
113 157
115 168
115 207
115 212
115 215
116 199
116 233
117 136
118 168
118 175
119 130
119 146
