100 100 300
0 153
0 158
1 110
1 116
1 197
2 109
2 111
2 198
3 170
3 171
4 120
4 148
5 145
5 160
6 190
7 128
7 131
7 166
8 122
8 142
8 176
9 110
9 139
9 174
10 131
10 179
10 196
11 110
11 123
11 128
11 137
11 139
13 108
13 111
13 183
14 102
14 195
15 178
15 199
16 131
16 164
16 180
16 187
16 196
17 119
17 134
17 185
18 118
18 135
18 158
18 167
18 171
18 173
18 178
19 129
19 186
21 106
21 115
21 180
21 190
22 135
22 139
23 111
23 117
23 133
23 185
24 112
24 120
24 125
24 155
24 191
24 196
25 194
26 114
26 152
26 167
26 185
26 196
27 104
27 109
27 174
28 128
28 144
28 160
28 173
28 192
29 197
30 136
30 174
31 154
31 165
32 119
32 151
32 165
32 177
33 111
33 118
33 153
33 179
34 107
34 158
34 166
35 199
36 119
37 129
37 147
37 158
38 114
38 153
39 109
39 135
40 110
40 160
41 105
41 118
41 122
41 138
41 160
41 163
42 106
42 112
42 117
42 122
43 123
44 165
45 113
45 180
46 123
46 152
46 191
46 198
47 156
47 196
48 134
48 151
49 161
50 147
50 197
51 125
51 154
51 166
51 179
52 143
53 100
53 127
53 185
54 102
54 126
54 176
54 196
55 114
56 114
56 160
56 186
56 197
56 198
57 139
57 169
58 132
58 195
58 199
59 197
60 117
60 176
60 181
60 185
62 124
62 141
62 156
62 158
62 178
62 188
63 102
63 104
63 160
64 118
64 184
65 105
65 112
65 184
66 101
66 123
66 181
66 188
67 144
68 120
68 132
68 159
69 101
69 108
69 120
70 102
70 118
70 130
70 145
70 162
70 163
70 170
70 179
71 119
71 173
71 199
72 134
72 153
72 158
72 160
72 186
72 187
73 171
73 190
74 172
75 108
75 132
75 138
75 156
75 165
75 169
76 115
76 119
76 128
76 151
77 147
78 108
78 136
78 145
79 131
79 132
79 161
79 163
79 172
80 112
80 124
80 127
80 174
81 100
81 178
81 182
81 193
82 199
83 133
83 135
83 173
84 114
84 171
85 123
85 128
85 151
85 175
86 114
86 147
86 158
86 168
86 186
87 114
87 142
87 184
87 194
88 136
88 184
89 125
89 154
89 163
90 103
90 115
90 129
90 170
91 109
91 140
91 164
91 166
92 135
92 155
92 178
93 143
93 147
93 190
94 157
95 108
95 115
95 116
95 146
95 175
95 199
96 100
96 120
96 147
96 171
96 181
96 186
96 197
97 104
97 144
97 180
98 100
98 110
98 137
98 154
98 183
99 108
99 156
